,player_id,match_id,team,opposition_team,number,position,captain
0,9730,10270,NEWTOWN,CANTERBURY BANKSTOWN,13,FB,False
0,9896,10270,CANTERBURY BANKSTOWN,NEWTOWN,13,FB,False
0,9982,10270,NEWTOWN,CANTERBURY BANKSTOWN,9,W,False
0,10039,10270,CANTERBURY BANKSTOWN,NEWTOWN,9,W,False
0,9714,10270,NEWTOWN,CANTERBURY BANKSTOWN,11,C,False
0,5839,10270,CANTERBURY BANKSTOWN,NEWTOWN,10,C,True
0,5867,10270,NEWTOWN,CANTERBURY BANKSTOWN,10,C,False
0,10065,10270,CANTERBURY BANKSTOWN,NEWTOWN,11,C,False
0,10051,10270,NEWTOWN,CANTERBURY BANKSTOWN,21,W,False
0,10052,10270,CANTERBURY BANKSTOWN,NEWTOWN,12,W,False
0,9867,10270,NEWTOWN,CANTERBURY BANKSTOWN,8,FE,False
0,9785,10270,CANTERBURY BANKSTOWN,NEWTOWN,7,FE,False
0,12504,10270,NEWTOWN,CANTERBURY BANKSTOWN,25,HB,False
0,10053,10270,CANTERBURY BANKSTOWN,NEWTOWN,8,HB,False
0,10014,10270,NEWTOWN,CANTERBURY BANKSTOWN,6,L,False
0,9751,10270,CANTERBURY BANKSTOWN,NEWTOWN,6,L,False
0,12783,10270,NEWTOWN,CANTERBURY BANKSTOWN,4,2R,False
0,9973,10270,CANTERBURY BANKSTOWN,NEWTOWN,5,2R,False
0,9887,10270,NEWTOWN,CANTERBURY BANKSTOWN,5,2R,False
0,10180,10270,CANTERBURY BANKSTOWN,NEWTOWN,4,2R,False
0,5843,10270,NEWTOWN,CANTERBURY BANKSTOWN,2,FR,True
0,11640,10270,CANTERBURY BANKSTOWN,NEWTOWN,3,FR,False
0,9997,10270,NEWTOWN,CANTERBURY BANKSTOWN,1,HK,False
0,9752,10270,CANTERBURY BANKSTOWN,NEWTOWN,27,HK,False
0,9936,10270,NEWTOWN,CANTERBURY BANKSTOWN,3,FR,False
0,9699,10270,CANTERBURY BANKSTOWN,NEWTOWN,1,FR,False
0,10017,10269,NORTH SYDNEY,"Balmain
TIGERS",4,FB,False
0,5849,10269,"Balmain
TIGERS",NORTH SYDNEY,1,FB,False
0,9996,10269,NORTH SYDNEY,"Balmain
TIGERS",2,W,False
0,9783,10269,"Balmain
TIGERS",NORTH SYDNEY,2,W,True
0,9771,10269,NORTH SYDNEY,"Balmain
TIGERS",3,C,True
0,9803,10269,"Balmain
TIGERS",NORTH SYDNEY,16,C,False
0,12467,10269,NORTH SYDNEY,"Balmain
TIGERS",15,C,False
0,9872,10269,"Balmain
TIGERS",NORTH SYDNEY,4,C,False
0,9795,10269,NORTH SYDNEY,"Balmain
TIGERS",5,W,False
0,12523,10269,"Balmain
TIGERS",NORTH SYDNEY,5,W,False
0,10346,10269,NORTH SYDNEY,"Balmain
TIGERS",6,FE,False
0,10055,10269,"Balmain
TIGERS",NORTH SYDNEY,7,FE,False
0,9960,10269,NORTH SYDNEY,"Balmain
TIGERS",7,HB,False
0,10020,10269,"Balmain
TIGERS",NORTH SYDNEY,6,HB,False
0,10081,10269,NORTH SYDNEY,"Balmain
TIGERS",8,L,False
0,9939,10269,"Balmain
TIGERS",NORTH SYDNEY,8,L,False
0,9945,10269,NORTH SYDNEY,"Balmain
TIGERS",9,2R,False
0,10064,10269,"Balmain
TIGERS",NORTH SYDNEY,9,2R,False
0,9868,10269,NORTH SYDNEY,"Balmain
TIGERS",10,2R,False
0,9703,10269,"Balmain
TIGERS",NORTH SYDNEY,10,2R,False
0,9506,10269,NORTH SYDNEY,"Balmain
TIGERS",14,FR,False
0,8136,10269,"Balmain
TIGERS",NORTH SYDNEY,11,FR,False
0,10010,10269,NORTH SYDNEY,"Balmain
TIGERS",12,HK,False
0,5850,10269,"Balmain
TIGERS",NORTH SYDNEY,12,HK,False
0,9846,10269,NORTH SYDNEY,"Balmain
TIGERS",11,FR,False
0,9837,10269,"Balmain
TIGERS",NORTH SYDNEY,13,FR,False
0,9922,10268,"South Sydney
RABBITOHS","St George
DRAGONS",16,FB,False
0,9640,10268,"St George
DRAGONS","South Sydney
RABBITOHS",14,FB,False
0,10030,10268,"South Sydney
RABBITOHS","St George
DRAGONS",15,W,False
0,10049,10268,"St George
DRAGONS","South Sydney
RABBITOHS",11,W,False
0,12869,10268,"South Sydney
RABBITOHS","St George
DRAGONS",14,C,False
0,9935,10268,"St George
DRAGONS","South Sydney
RABBITOHS",9,C,False
0,10111,10268,"South Sydney
RABBITOHS","St George
DRAGONS",29,C,False
0,10084,10268,"St George
DRAGONS","South Sydney
RABBITOHS",12,C,False
0,9897,10268,"South Sydney
RABBITOHS","St George
DRAGONS",12,W,False
0,9821,10268,"St George
DRAGONS","South Sydney
RABBITOHS",10,W,False
0,5884,10268,"South Sydney
RABBITOHS","St George
DRAGONS",10,FE,False
0,49852,10268,"St George
DRAGONS","South Sydney
RABBITOHS",7,FE,False
0,10128,10268,"South Sydney
RABBITOHS","St George
DRAGONS",11,HB,False
0,10027,10268,"St George
DRAGONS","South Sydney
RABBITOHS",8,HB,False
0,5852,10268,"South Sydney
RABBITOHS","St George
DRAGONS",6,L,False
0,10058,10268,"St George
DRAGONS","South Sydney
RABBITOHS",6,L,False
0,9953,10268,"South Sydney
RABBITOHS","St George
DRAGONS",5,2R,False
0,9644,10268,"St George
DRAGONS","South Sydney
RABBITOHS",4,2R,True
0,5853,10268,"South Sydney
RABBITOHS","St George
DRAGONS",4,2R,False
0,9907,10268,"St George
DRAGONS","South Sydney
RABBITOHS",5,2R,False
0,9835,10268,"South Sydney
RABBITOHS","St George
DRAGONS",3,FR,True
0,9992,10268,"St George
DRAGONS","South Sydney
RABBITOHS",2,FR,False
0,12989,10268,"South Sydney
RABBITOHS","St George
DRAGONS",2,HK,False
0,5885,10268,"St George
DRAGONS","South Sydney
RABBITOHS",1,HK,False
0,13247,10268,"South Sydney
RABBITOHS","St George
DRAGONS",1,FR,False
0,10120,10268,"St George
DRAGONS","South Sydney
RABBITOHS",3,FR,False
0,9850,10271,"Western Suburbs
MAGPIES",EASTERN SUBURBS,1,FB,False
0,10042,10271,EASTERN SUBURBS,"Western Suburbs
MAGPIES",13,FB,False
0,10037,10271,"Western Suburbs
MAGPIES",EASTERN SUBURBS,2,W,False
0,10062,10271,EASTERN SUBURBS,"Western Suburbs
MAGPIES",12,W,False
0,12803,10271,"Western Suburbs
MAGPIES",EASTERN SUBURBS,21,C,False
0,9979,10271,EASTERN SUBURBS,"Western Suburbs
MAGPIES",11,C,False
0,10019,10271,"Western Suburbs
MAGPIES",EASTERN SUBURBS,4,C,False
0,10021,10271,EASTERN SUBURBS,"Western Suburbs
MAGPIES",10,C,False
0,9889,10271,"Western Suburbs
MAGPIES",EASTERN SUBURBS,5,W,False
0,7516,10271,EASTERN SUBURBS,"Western Suburbs
MAGPIES",9,W,False
0,11559,10271,"Western Suburbs
MAGPIES",EASTERN SUBURBS,6,FE,True
0,5862,10271,EASTERN SUBURBS,"Western Suburbs
MAGPIES",8,FE,False
0,10033,10271,"Western Suburbs
MAGPIES",EASTERN SUBURBS,7,HB,False
0,10054,10271,EASTERN SUBURBS,"Western Suburbs
MAGPIES",7,HB,False
0,5840,10271,"Western Suburbs
MAGPIES",EASTERN SUBURBS,8,L,False
0,9827,10271,EASTERN SUBURBS,"Western Suburbs
MAGPIES",6,L,False
0,12338,10271,"Western Suburbs
MAGPIES",EASTERN SUBURBS,9,2R,False
0,11522,10271,EASTERN SUBURBS,"Western Suburbs
MAGPIES",5,2R,False
0,10079,10271,"Western Suburbs
MAGPIES",EASTERN SUBURBS,10,2R,False
0,5836,10271,EASTERN SUBURBS,"Western Suburbs
MAGPIES",4,2R,True
0,13291,10271,"Western Suburbs
MAGPIES",EASTERN SUBURBS,11,FR,False
0,9742,10271,EASTERN SUBURBS,"Western Suburbs
MAGPIES",1,FR,False
0,11500,10271,"Western Suburbs
MAGPIES",EASTERN SUBURBS,12,HK,False
0,11773,10271,EASTERN SUBURBS,"Western Suburbs
MAGPIES",31,HK,False
0,10137,10271,"Western Suburbs
MAGPIES",EASTERN SUBURBS,13,FR,False
0,9844,10271,EASTERN SUBURBS,"Western Suburbs
MAGPIES",3,FR,False
0,5849,10272,"Balmain
TIGERS",EASTERN SUBURBS,1,FB,False
0,10042,10272,EASTERN SUBURBS,"Balmain
TIGERS",1,FB,False
0,10063,10272,"Balmain
TIGERS",EASTERN SUBURBS,2,W,False
0,10062,10272,EASTERN SUBURBS,"Balmain
TIGERS",2,W,False
0,5845,10272,"Balmain
TIGERS",EASTERN SUBURBS,3,C,False
0,9993,10272,EASTERN SUBURBS,"Balmain
TIGERS",3,C,False
0,9872,10272,"Balmain
TIGERS",EASTERN SUBURBS,4,C,False
0,10021,10272,EASTERN SUBURBS,"Balmain
TIGERS",4,C,False
0,9783,10272,"Balmain
TIGERS",EASTERN SUBURBS,5,W,True
0,10314,10272,EASTERN SUBURBS,"Balmain
TIGERS",5,W,False
0,10055,10272,"Balmain
TIGERS",EASTERN SUBURBS,6,FE,False
0,5862,10272,EASTERN SUBURBS,"Balmain
TIGERS",6,FE,False
0,10020,10272,"Balmain
TIGERS",EASTERN SUBURBS,7,HB,False
0,10054,10272,EASTERN SUBURBS,"Balmain
TIGERS",7,HB,False
0,9939,10272,"Balmain
TIGERS",EASTERN SUBURBS,13,L,False
0,9827,10272,EASTERN SUBURBS,"Balmain
TIGERS",13,L,False
0,9703,10272,"Balmain
TIGERS",EASTERN SUBURBS,12,2R,False
0,11522,10272,EASTERN SUBURBS,"Balmain
TIGERS",12,2R,False
0,10064,10272,"Balmain
TIGERS",EASTERN SUBURBS,11,2R,False
0,5836,10272,EASTERN SUBURBS,"Balmain
TIGERS",11,2R,True
0,8136,10272,"Balmain
TIGERS",EASTERN SUBURBS,10,FR,False
0,9742,10272,EASTERN SUBURBS,"Balmain
TIGERS",10,FR,False
0,10056,10272,"Balmain
TIGERS",EASTERN SUBURBS,12,HK,False
0,14241,10272,EASTERN SUBURBS,"Balmain
TIGERS",12,HK,False
0,9837,10272,"Balmain
TIGERS",EASTERN SUBURBS,8,FR,False
0,9844,10272,EASTERN SUBURBS,"Balmain
TIGERS",8,FR,False
0,10017,10273,NORTH SYDNEY,NEWTOWN,1,FB,False
0,9730,10273,NEWTOWN,NORTH SYDNEY,1,FB,False
0,9996,10273,NORTH SYDNEY,NEWTOWN,2,W,False
0,9982,10273,NEWTOWN,NORTH SYDNEY,2,W,False
0,9771,10273,NORTH SYDNEY,NEWTOWN,3,C,True
0,9714,10273,NEWTOWN,NORTH SYDNEY,3,C,False
0,12467,10273,NORTH SYDNEY,NEWTOWN,4,C,False
0,5867,10273,NEWTOWN,NORTH SYDNEY,4,C,False
0,9795,10273,NORTH SYDNEY,NEWTOWN,5,W,False
0,5819,10273,NEWTOWN,NORTH SYDNEY,5,W,False
0,10346,10273,NORTH SYDNEY,NEWTOWN,6,FE,False
0,9867,10273,NEWTOWN,NORTH SYDNEY,6,FE,False
0,9960,10273,NORTH SYDNEY,NEWTOWN,7,HB,False
0,10060,10273,NEWTOWN,NORTH SYDNEY,7,HB,False
0,10081,10273,NORTH SYDNEY,NEWTOWN,13,L,False
0,10014,10273,NEWTOWN,NORTH SYDNEY,13,L,False
0,9945,10273,NORTH SYDNEY,NEWTOWN,12,2R,False
0,12783,10273,NEWTOWN,NORTH SYDNEY,12,2R,False
0,9868,10273,NORTH SYDNEY,NEWTOWN,11,2R,False
0,9887,10273,NEWTOWN,NORTH SYDNEY,11,2R,False
0,9506,10273,NORTH SYDNEY,NEWTOWN,10,FR,False
0,5843,10273,NEWTOWN,NORTH SYDNEY,10,FR,True
0,10010,10273,NORTH SYDNEY,NEWTOWN,9,HK,False
0,9997,10273,NEWTOWN,NORTH SYDNEY,9,HK,False
0,9846,10273,NORTH SYDNEY,NEWTOWN,8,FR,False
0,9936,10273,NEWTOWN,NORTH SYDNEY,8,FR,False
0,9922,10275,"South Sydney
RABBITOHS",CANTERBURY BANKSTOWN,1,FB,False
0,9896,10275,CANTERBURY BANKSTOWN,"South Sydney
RABBITOHS",1,FB,False
0,10066,10275,"South Sydney
RABBITOHS",CANTERBURY BANKSTOWN,2,W,False
0,10039,10275,CANTERBURY BANKSTOWN,"South Sydney
RABBITOHS",2,W,False
0,12869,10275,"South Sydney
RABBITOHS",CANTERBURY BANKSTOWN,3,C,False
0,5839,10275,CANTERBURY BANKSTOWN,"South Sydney
RABBITOHS",3,C,True
0,10059,10275,"South Sydney
RABBITOHS",CANTERBURY BANKSTOWN,4,C,False
0,10065,10275,CANTERBURY BANKSTOWN,"South Sydney
RABBITOHS",4,C,False
0,9897,10275,"South Sydney
RABBITOHS",CANTERBURY BANKSTOWN,5,W,False
0,10052,10275,CANTERBURY BANKSTOWN,"South Sydney
RABBITOHS",5,W,False
0,5884,10275,"South Sydney
RABBITOHS",CANTERBURY BANKSTOWN,6,FE,False
0,9785,10275,CANTERBURY BANKSTOWN,"South Sydney
RABBITOHS",6,FE,False
0,10128,10275,"South Sydney
RABBITOHS",CANTERBURY BANKSTOWN,7,HB,False
0,10040,10275,CANTERBURY BANKSTOWN,"South Sydney
RABBITOHS",7,HB,False
0,10123,10275,"South Sydney
RABBITOHS",CANTERBURY BANKSTOWN,8,L,False
0,9589,10275,CANTERBURY BANKSTOWN,"South Sydney
RABBITOHS",8,L,False
0,9953,10275,"South Sydney
RABBITOHS",CANTERBURY BANKSTOWN,12,2R,False
0,9973,10275,CANTERBURY BANKSTOWN,"South Sydney
RABBITOHS",12,2R,False
0,5853,10275,"South Sydney
RABBITOHS",CANTERBURY BANKSTOWN,11,2R,False
0,9751,10275,CANTERBURY BANKSTOWN,"South Sydney
RABBITOHS",10,2R,False
0,13247,10275,"South Sydney
RABBITOHS",CANTERBURY BANKSTOWN,10,FR,False
0,9913,10275,CANTERBURY BANKSTOWN,"South Sydney
RABBITOHS",11,FR,False
0,12989,10275,"South Sydney
RABBITOHS",CANTERBURY BANKSTOWN,9,HK,False
0,9972,10275,CANTERBURY BANKSTOWN,"South Sydney
RABBITOHS",12,HK,False
0,9835,10275,"South Sydney
RABBITOHS",CANTERBURY BANKSTOWN,8,FR,True
0,9699,10275,CANTERBURY BANKSTOWN,"South Sydney
RABBITOHS",8,FR,False
0,9850,10274,"Western Suburbs
MAGPIES","St George
DRAGONS",1,FB,False
0,9640,10274,"St George
DRAGONS","Western Suburbs
MAGPIES",1,FB,False
0,9889,10274,"Western Suburbs
MAGPIES","St George
DRAGONS",2,W,False
0,10049,10274,"St George
DRAGONS","Western Suburbs
MAGPIES",2,W,False
0,12212,10274,"Western Suburbs
MAGPIES","St George
DRAGONS",3,C,False
0,5881,10274,"St George
DRAGONS","Western Suburbs
MAGPIES",3,C,False
0,10019,10274,"Western Suburbs
MAGPIES","St George
DRAGONS",4,C,False
0,9821,10274,"St George
DRAGONS","Western Suburbs
MAGPIES",4,C,False
0,9912,10274,"Western Suburbs
MAGPIES","St George
DRAGONS",5,W,False
0,9935,10274,"St George
DRAGONS","Western Suburbs
MAGPIES",5,W,False
0,11559,10274,"Western Suburbs
MAGPIES","St George
DRAGONS",6,FE,True
0,49852,10274,"St George
DRAGONS","Western Suburbs
MAGPIES",6,FE,False
0,10033,10274,"Western Suburbs
MAGPIES","St George
DRAGONS",7,HB,False
0,10027,10274,"St George
DRAGONS","Western Suburbs
MAGPIES",7,HB,False
0,5840,10274,"Western Suburbs
MAGPIES","St George
DRAGONS",13,L,False
0,10058,10274,"St George
DRAGONS","Western Suburbs
MAGPIES",13,L,False
0,9909,10274,"Western Suburbs
MAGPIES","St George
DRAGONS",9,2R,False
0,9644,10274,"St George
DRAGONS","Western Suburbs
MAGPIES",12,2R,True
0,10079,10274,"Western Suburbs
MAGPIES","St George
DRAGONS",11,2R,False
0,9907,10274,"St George
DRAGONS","Western Suburbs
MAGPIES",11,2R,False
0,9988,10274,"Western Suburbs
MAGPIES","St George
DRAGONS",11,FR,False
0,9992,10274,"St George
DRAGONS","Western Suburbs
MAGPIES",10,FR,False
0,11500,10274,"Western Suburbs
MAGPIES","St George
DRAGONS",9,HK,False
0,5885,10274,"St George
DRAGONS","Western Suburbs
MAGPIES",9,HK,False
0,9880,10274,"Western Suburbs
MAGPIES","St George
DRAGONS",13,FR,False
0,10120,10274,"St George
DRAGONS","Western Suburbs
MAGPIES",8,FR,False
0,9896,10277,CANTERBURY BANKSTOWN,"Western Suburbs
MAGPIES",1,FB,False
0,10038,10277,"Western Suburbs
MAGPIES",CANTERBURY BANKSTOWN,1,FB,False
0,10039,10277,CANTERBURY BANKSTOWN,"Western Suburbs
MAGPIES",2,W,False
0,9889,10277,"Western Suburbs
MAGPIES",CANTERBURY BANKSTOWN,2,W,False
0,11446,10277,CANTERBURY BANKSTOWN,"Western Suburbs
MAGPIES",3,C,False
0,12212,10277,"Western Suburbs
MAGPIES",CANTERBURY BANKSTOWN,3,C,False
0,10065,10277,CANTERBURY BANKSTOWN,"Western Suburbs
MAGPIES",4,C,False
0,9850,10277,"Western Suburbs
MAGPIES",CANTERBURY BANKSTOWN,4,C,False
0,10052,10277,CANTERBURY BANKSTOWN,"Western Suburbs
MAGPIES",5,W,False
0,10037,10277,"Western Suburbs
MAGPIES",CANTERBURY BANKSTOWN,5,W,False
0,10071,10277,CANTERBURY BANKSTOWN,"Western Suburbs
MAGPIES",6,FE,False
0,11559,10277,"Western Suburbs
MAGPIES",CANTERBURY BANKSTOWN,6,FE,True
0,10053,10277,CANTERBURY BANKSTOWN,"Western Suburbs
MAGPIES",7,HB,False
0,10033,10277,"Western Suburbs
MAGPIES",CANTERBURY BANKSTOWN,7,HB,False
0,11798,10277,CANTERBURY BANKSTOWN,"Western Suburbs
MAGPIES",8,L,False
0,5840,10277,"Western Suburbs
MAGPIES",CANTERBURY BANKSTOWN,13,L,False
0,9973,10277,CANTERBURY BANKSTOWN,"Western Suburbs
MAGPIES",12,2R,False
0,9909,10277,"Western Suburbs
MAGPIES",CANTERBURY BANKSTOWN,12,2R,False
0,9751,10277,CANTERBURY BANKSTOWN,"Western Suburbs
MAGPIES",11,2R,False
0,10079,10277,"Western Suburbs
MAGPIES",CANTERBURY BANKSTOWN,11,2R,False
0,9913,10277,CANTERBURY BANKSTOWN,"Western Suburbs
MAGPIES",10,FR,False
0,9880,10277,"Western Suburbs
MAGPIES",CANTERBURY BANKSTOWN,11,FR,False
0,9972,10277,CANTERBURY BANKSTOWN,"Western Suburbs
MAGPIES",9,HK,False
0,9994,10277,"Western Suburbs
MAGPIES",CANTERBURY BANKSTOWN,12,HK,False
0,9699,10277,CANTERBURY BANKSTOWN,"Western Suburbs
MAGPIES",8,FR,True
0,9988,10277,"Western Suburbs
MAGPIES",CANTERBURY BANKSTOWN,13,FR,False
0,10042,10278,EASTERN SUBURBS,NORTH SYDNEY,1,FB,False
0,10017,10278,NORTH SYDNEY,EASTERN SUBURBS,1,FB,False
0,10062,10278,EASTERN SUBURBS,NORTH SYDNEY,2,W,False
0,9996,10278,NORTH SYDNEY,EASTERN SUBURBS,2,W,False
0,9979,10278,EASTERN SUBURBS,NORTH SYDNEY,3,C,False
0,9771,10278,NORTH SYDNEY,EASTERN SUBURBS,3,C,True
0,9827,10278,EASTERN SUBURBS,NORTH SYDNEY,4,C,False
0,10106,10278,NORTH SYDNEY,EASTERN SUBURBS,4,C,False
0,9993,10278,EASTERN SUBURBS,NORTH SYDNEY,5,W,False
0,9795,10278,NORTH SYDNEY,EASTERN SUBURBS,5,W,False
0,5862,10278,EASTERN SUBURBS,NORTH SYDNEY,6,FE,False
0,10346,10278,NORTH SYDNEY,EASTERN SUBURBS,6,FE,False
0,10054,10278,EASTERN SUBURBS,NORTH SYDNEY,7,HB,False
0,9960,10278,NORTH SYDNEY,EASTERN SUBURBS,7,HB,False
0,10032,10278,EASTERN SUBURBS,NORTH SYDNEY,8,L,False
0,9945,10278,NORTH SYDNEY,EASTERN SUBURBS,8,L,False
0,11522,10278,EASTERN SUBURBS,NORTH SYDNEY,12,2R,False
0,10081,10278,NORTH SYDNEY,EASTERN SUBURBS,9,2R,False
0,5836,10278,EASTERN SUBURBS,NORTH SYDNEY,11,2R,True
0,10069,10278,NORTH SYDNEY,EASTERN SUBURBS,10,2R,False
0,9742,10278,EASTERN SUBURBS,NORTH SYDNEY,10,FR,False
0,11615,10278,NORTH SYDNEY,EASTERN SUBURBS,11,FR,False
0,14241,10278,EASTERN SUBURBS,NORTH SYDNEY,9,HK,False
0,10010,10278,NORTH SYDNEY,EASTERN SUBURBS,9,HK,False
0,9844,10278,EASTERN SUBURBS,NORTH SYDNEY,8,FR,False
0,9846,10278,NORTH SYDNEY,EASTERN SUBURBS,8,FR,False
0,9730,10276,NEWTOWN,"South Sydney
RABBITOHS",1,FB,False
0,9922,10276,"South Sydney
RABBITOHS",NEWTOWN,1,FB,False
0,9982,10276,NEWTOWN,"South Sydney
RABBITOHS",2,W,False
0,10066,10276,"South Sydney
RABBITOHS",NEWTOWN,2,W,False
0,9986,10276,NEWTOWN,"South Sydney
RABBITOHS",3,C,False
0,12869,10276,"South Sydney
RABBITOHS",NEWTOWN,3,C,False
0,5867,10276,NEWTOWN,"South Sydney
RABBITOHS",4,C,False
0,10059,10276,"South Sydney
RABBITOHS",NEWTOWN,4,C,False
0,5819,10276,NEWTOWN,"South Sydney
RABBITOHS",5,W,False
0,9897,10276,"South Sydney
RABBITOHS",NEWTOWN,5,W,False
0,9714,10276,NEWTOWN,"South Sydney
RABBITOHS",6,FE,False
0,5884,10276,"South Sydney
RABBITOHS",NEWTOWN,6,FE,False
0,10060,10276,NEWTOWN,"South Sydney
RABBITOHS",7,HB,False
0,10128,10276,"South Sydney
RABBITOHS",NEWTOWN,7,HB,False
0,10014,10276,NEWTOWN,"South Sydney
RABBITOHS",13,L,False
0,5853,10276,"South Sydney
RABBITOHS",NEWTOWN,8,L,False
0,12783,10276,NEWTOWN,"South Sydney
RABBITOHS",12,2R,False
0,9953,10276,"South Sydney
RABBITOHS",NEWTOWN,9,2R,False
0,9887,10276,NEWTOWN,"South Sydney
RABBITOHS",11,2R,False
0,13247,10276,"South Sydney
RABBITOHS",NEWTOWN,10,2R,False
0,5843,10276,NEWTOWN,"South Sydney
RABBITOHS",10,FR,True
0,9835,10276,"South Sydney
RABBITOHS",NEWTOWN,11,FR,True
0,9997,10276,NEWTOWN,"South Sydney
RABBITOHS",9,HK,False
0,11630,10276,"South Sydney
RABBITOHS",NEWTOWN,12,HK,False
0,9936,10276,NEWTOWN,"South Sydney
RABBITOHS",8,FR,False
0,10123,10276,"South Sydney
RABBITOHS",NEWTOWN,13,FR,False
0,9640,10279,"St George
DRAGONS","Balmain
TIGERS",1,FB,False
0,5849,10279,"Balmain
TIGERS","St George
DRAGONS",1,FB,False
0,9821,10279,"St George
DRAGONS","Balmain
TIGERS",2,W,False
0,10063,10279,"Balmain
TIGERS","St George
DRAGONS",2,W,False
0,5881,10279,"St George
DRAGONS","Balmain
TIGERS",3,C,False
0,5845,10279,"Balmain
TIGERS","St George
DRAGONS",3,C,False
0,9991,10279,"St George
DRAGONS","Balmain
TIGERS",4,C,False
0,9872,10279,"Balmain
TIGERS","St George
DRAGONS",4,C,False
0,9935,10279,"St George
DRAGONS","Balmain
TIGERS",5,W,False
0,9783,10279,"Balmain
TIGERS","St George
DRAGONS",5,W,True
0,49852,10279,"St George
DRAGONS","Balmain
TIGERS",6,FE,False
0,10055,10279,"Balmain
TIGERS","St George
DRAGONS",6,FE,False
0,10027,10279,"St George
DRAGONS","Balmain
TIGERS",7,HB,False
0,10020,10279,"Balmain
TIGERS","St George
DRAGONS",7,HB,False
0,9907,10279,"St George
DRAGONS","Balmain
TIGERS",8,L,False
0,9939,10279,"Balmain
TIGERS","St George
DRAGONS",13,L,False
0,9644,10279,"St George
DRAGONS","Balmain
TIGERS",12,2R,True
0,9703,10279,"Balmain
TIGERS","St George
DRAGONS",12,2R,False
0,10058,10279,"St George
DRAGONS","Balmain
TIGERS",10,2R,False
0,10064,10279,"Balmain
TIGERS","St George
DRAGONS",11,2R,False
0,9992,10279,"St George
DRAGONS","Balmain
TIGERS",10,FR,False
0,8136,10279,"Balmain
TIGERS","St George
DRAGONS",10,FR,False
0,5885,10279,"St George
DRAGONS","Balmain
TIGERS",9,HK,False
0,10056,10279,"Balmain
TIGERS","St George
DRAGONS",9,HK,False
0,13040,10279,"St George
DRAGONS","Balmain
TIGERS",13,FR,False
0,9837,10279,"Balmain
TIGERS","St George
DRAGONS",8,FR,False
0,5849,10281,"Balmain
TIGERS",CANTERBURY BANKSTOWN,1,FB,False
0,9896,10281,CANTERBURY BANKSTOWN,"Balmain
TIGERS",1,FB,False
0,10063,10281,"Balmain
TIGERS",CANTERBURY BANKSTOWN,2,W,False
0,10039,10281,CANTERBURY BANKSTOWN,"Balmain
TIGERS",2,W,False
0,5845,10281,"Balmain
TIGERS",CANTERBURY BANKSTOWN,3,C,False
0,10080,10281,CANTERBURY BANKSTOWN,"Balmain
TIGERS",3,C,False
0,9872,10281,"Balmain
TIGERS",CANTERBURY BANKSTOWN,4,C,False
0,10065,10281,CANTERBURY BANKSTOWN,"Balmain
TIGERS",4,C,False
0,9783,10281,"Balmain
TIGERS",CANTERBURY BANKSTOWN,5,W,True
0,10052,10281,CANTERBURY BANKSTOWN,"Balmain
TIGERS",5,W,False
0,10055,10281,"Balmain
TIGERS",CANTERBURY BANKSTOWN,6,FE,False
0,10071,10281,CANTERBURY BANKSTOWN,"Balmain
TIGERS",6,FE,False
0,10020,10281,"Balmain
TIGERS",CANTERBURY BANKSTOWN,7,HB,False
0,10053,10281,CANTERBURY BANKSTOWN,"Balmain
TIGERS",7,HB,False
0,9939,10281,"Balmain
TIGERS",CANTERBURY BANKSTOWN,13,L,False
0,5839,10281,CANTERBURY BANKSTOWN,"Balmain
TIGERS",8,L,True
0,9703,10281,"Balmain
TIGERS",CANTERBURY BANKSTOWN,12,2R,False
0,9973,10281,CANTERBURY BANKSTOWN,"Balmain
TIGERS",12,2R,False
0,10064,10281,"Balmain
TIGERS",CANTERBURY BANKSTOWN,11,2R,False
0,10068,10281,CANTERBURY BANKSTOWN,"Balmain
TIGERS",10,2R,False
0,8136,10281,"Balmain
TIGERS",CANTERBURY BANKSTOWN,10,FR,False
0,9913,10281,CANTERBURY BANKSTOWN,"Balmain
TIGERS",10,FR,False
0,10056,10281,"Balmain
TIGERS",CANTERBURY BANKSTOWN,9,HK,False
0,9972,10281,CANTERBURY BANKSTOWN,"Balmain
TIGERS",9,HK,False
0,9837,10281,"Balmain
TIGERS",CANTERBURY BANKSTOWN,8,FR,False
0,9699,10281,CANTERBURY BANKSTOWN,"Balmain
TIGERS",8,FR,False
0,10042,10282,EASTERN SUBURBS,NEWTOWN,1,FB,False
0,9730,10282,NEWTOWN,EASTERN SUBURBS,1,FB,False
0,10062,10282,EASTERN SUBURBS,NEWTOWN,2,W,False
0,9982,10282,NEWTOWN,EASTERN SUBURBS,2,W,False
0,9979,10282,EASTERN SUBURBS,NEWTOWN,3,C,False
0,9986,10282,NEWTOWN,EASTERN SUBURBS,3,C,False
0,9827,10282,EASTERN SUBURBS,NEWTOWN,4,C,False
0,5867,10282,NEWTOWN,EASTERN SUBURBS,4,C,False
0,9993,10282,EASTERN SUBURBS,NEWTOWN,5,W,False
0,5819,10282,NEWTOWN,EASTERN SUBURBS,5,W,False
0,5862,10282,EASTERN SUBURBS,NEWTOWN,6,FE,False
0,9714,10282,NEWTOWN,EASTERN SUBURBS,6,FE,False
0,10054,10282,EASTERN SUBURBS,NEWTOWN,7,HB,False
0,10060,10282,NEWTOWN,EASTERN SUBURBS,7,HB,False
0,10032,10282,EASTERN SUBURBS,NEWTOWN,13,L,False
0,10014,10282,NEWTOWN,EASTERN SUBURBS,13,L,False
0,11522,10282,EASTERN SUBURBS,NEWTOWN,12,2R,False
0,12783,10282,NEWTOWN,EASTERN SUBURBS,12,2R,False
0,5836,10282,EASTERN SUBURBS,NEWTOWN,11,2R,True
0,9887,10282,NEWTOWN,EASTERN SUBURBS,11,2R,False
0,9742,10282,EASTERN SUBURBS,NEWTOWN,10,FR,False
0,5843,10282,NEWTOWN,EASTERN SUBURBS,10,FR,True
0,14241,10282,EASTERN SUBURBS,NEWTOWN,9,HK,False
0,9997,10282,NEWTOWN,EASTERN SUBURBS,9,HK,False
0,9844,10282,EASTERN SUBURBS,NEWTOWN,8,FR,False
0,9936,10282,NEWTOWN,EASTERN SUBURBS,8,FR,False
0,9653,10280,NORTH SYDNEY,"St George
DRAGONS",1,FB,False
0,9640,10280,"St George
DRAGONS",NORTH SYDNEY,1,FB,False
0,9996,10280,NORTH SYDNEY,"St George
DRAGONS",2,W,False
0,9821,10280,"St George
DRAGONS",NORTH SYDNEY,2,W,False
0,12467,10280,NORTH SYDNEY,"St George
DRAGONS",3,C,False
0,5881,10280,"St George
DRAGONS",NORTH SYDNEY,3,C,False
0,10017,10280,NORTH SYDNEY,"St George
DRAGONS",4,C,False
0,9991,10280,"St George
DRAGONS",NORTH SYDNEY,4,C,False
0,9795,10280,NORTH SYDNEY,"St George
DRAGONS",5,W,False
0,9935,10280,"St George
DRAGONS",NORTH SYDNEY,5,W,False
0,9771,10280,NORTH SYDNEY,"St George
DRAGONS",6,FE,True
0,49852,10280,"St George
DRAGONS",NORTH SYDNEY,6,FE,False
0,9960,10280,NORTH SYDNEY,"St George
DRAGONS",7,HB,False
0,10027,10280,"St George
DRAGONS",NORTH SYDNEY,7,HB,False
0,9945,10280,NORTH SYDNEY,"St George
DRAGONS",13,L,False
0,9907,10280,"St George
DRAGONS",NORTH SYDNEY,13,L,False
0,10081,10280,NORTH SYDNEY,"St George
DRAGONS",12,2R,False
0,9644,10280,"St George
DRAGONS",NORTH SYDNEY,12,2R,True
0,9868,10280,NORTH SYDNEY,"St George
DRAGONS",10,2R,False
0,10058,10280,"St George
DRAGONS",NORTH SYDNEY,11,2R,False
0,9506,10280,NORTH SYDNEY,"St George
DRAGONS",11,FR,False
0,9992,10280,"St George
DRAGONS",NORTH SYDNEY,10,FR,False
0,10010,10280,NORTH SYDNEY,"St George
DRAGONS",9,HK,False
0,5885,10280,"St George
DRAGONS",NORTH SYDNEY,9,HK,False
0,9846,10280,NORTH SYDNEY,"St George
DRAGONS",8,FR,False
0,10120,10280,"St George
DRAGONS",NORTH SYDNEY,13,FR,False
0,10038,10283,"Western Suburbs
MAGPIES","South Sydney
RABBITOHS",1,FB,False
0,9922,10283,"South Sydney
RABBITOHS","Western Suburbs
MAGPIES",1,FB,False
0,9889,10283,"Western Suburbs
MAGPIES","South Sydney
RABBITOHS",2,W,False
0,10066,10283,"South Sydney
RABBITOHS","Western Suburbs
MAGPIES",2,W,False
0,12212,10283,"Western Suburbs
MAGPIES","South Sydney
RABBITOHS",3,C,False
0,12869,10283,"South Sydney
RABBITOHS","Western Suburbs
MAGPIES",3,C,False
0,9850,10283,"Western Suburbs
MAGPIES","South Sydney
RABBITOHS",4,C,False
0,10111,10283,"South Sydney
RABBITOHS","Western Suburbs
MAGPIES",4,C,False
0,10037,10283,"Western Suburbs
MAGPIES","South Sydney
RABBITOHS",5,W,False
0,9948,10283,"South Sydney
RABBITOHS","Western Suburbs
MAGPIES",5,W,False
0,11559,10283,"Western Suburbs
MAGPIES","South Sydney
RABBITOHS",6,FE,True
0,5855,10283,"South Sydney
RABBITOHS","Western Suburbs
MAGPIES",6,FE,False
0,10033,10283,"Western Suburbs
MAGPIES","South Sydney
RABBITOHS",7,HB,False
0,10128,10283,"South Sydney
RABBITOHS","Western Suburbs
MAGPIES",7,HB,False
0,5840,10283,"Western Suburbs
MAGPIES","South Sydney
RABBITOHS",13,L,False
0,10123,10283,"South Sydney
RABBITOHS","Western Suburbs
MAGPIES",8,L,False
0,9909,10283,"Western Suburbs
MAGPIES","South Sydney
RABBITOHS",12,2R,False
0,9953,10283,"South Sydney
RABBITOHS","Western Suburbs
MAGPIES",12,2R,False
0,10079,10283,"Western Suburbs
MAGPIES","South Sydney
RABBITOHS",11,2R,False
0,5853,10283,"South Sydney
RABBITOHS","Western Suburbs
MAGPIES",10,2R,False
0,10026,10283,"Western Suburbs
MAGPIES","South Sydney
RABBITOHS",11,FR,False
0,9835,10283,"South Sydney
RABBITOHS","Western Suburbs
MAGPIES",10,FR,True
0,9994,10283,"Western Suburbs
MAGPIES","South Sydney
RABBITOHS",9,HK,False
0,11630,10283,"South Sydney
RABBITOHS","Western Suburbs
MAGPIES",9,HK,False
0,9988,10283,"Western Suburbs
MAGPIES","South Sydney
RABBITOHS",8,FR,False
0,13247,10283,"South Sydney
RABBITOHS","Western Suburbs
MAGPIES",13,FR,False
0,9896,10285,CANTERBURY BANKSTOWN,NORTH SYDNEY,1,FB,False
0,9653,10285,NORTH SYDNEY,CANTERBURY BANKSTOWN,1,FB,False
0,10043,10285,CANTERBURY BANKSTOWN,NORTH SYDNEY,2,W,False
0,9996,10285,NORTH SYDNEY,CANTERBURY BANKSTOWN,2,W,False
0,10080,10285,CANTERBURY BANKSTOWN,NORTH SYDNEY,3,C,False
0,12467,10285,NORTH SYDNEY,CANTERBURY BANKSTOWN,3,C,False
0,9903,10285,CANTERBURY BANKSTOWN,NORTH SYDNEY,4,C,False
0,9771,10285,NORTH SYDNEY,CANTERBURY BANKSTOWN,4,C,True
0,10052,10285,CANTERBURY BANKSTOWN,NORTH SYDNEY,5,W,False
0,5901,10285,NORTH SYDNEY,CANTERBURY BANKSTOWN,5,W,False
0,9785,10285,CANTERBURY BANKSTOWN,NORTH SYDNEY,6,FE,False
0,9960,10285,NORTH SYDNEY,CANTERBURY BANKSTOWN,6,FE,False
0,10053,10285,CANTERBURY BANKSTOWN,NORTH SYDNEY,7,HB,False
0,9924,10285,NORTH SYDNEY,CANTERBURY BANKSTOWN,7,HB,False
0,5839,10285,CANTERBURY BANKSTOWN,NORTH SYDNEY,13,L,True
0,9945,10285,NORTH SYDNEY,CANTERBURY BANKSTOWN,13,L,False
0,9973,10285,CANTERBURY BANKSTOWN,NORTH SYDNEY,12,2R,False
0,10081,10285,NORTH SYDNEY,CANTERBURY BANKSTOWN,12,2R,False
0,10068,10285,CANTERBURY BANKSTOWN,NORTH SYDNEY,11,2R,False
0,10069,10285,NORTH SYDNEY,CANTERBURY BANKSTOWN,10,2R,False
0,9752,10285,CANTERBURY BANKSTOWN,NORTH SYDNEY,11,FR,False
0,9506,10285,NORTH SYDNEY,CANTERBURY BANKSTOWN,10,FR,False
0,10180,10285,CANTERBURY BANKSTOWN,NORTH SYDNEY,12,HK,False
0,10010,10285,NORTH SYDNEY,CANTERBURY BANKSTOWN,9,HK,False
0,9699,10285,CANTERBURY BANKSTOWN,NORTH SYDNEY,8,FR,False
0,9846,10285,NORTH SYDNEY,CANTERBURY BANKSTOWN,8,FR,False
0,10067,10284,NEWTOWN,"Western Suburbs
MAGPIES",1,FB,False
0,10038,10284,"Western Suburbs
MAGPIES",NEWTOWN,1,FB,False
0,9779,10284,NEWTOWN,"Western Suburbs
MAGPIES",2,W,False
0,9889,10284,"Western Suburbs
MAGPIES",NEWTOWN,2,W,False
0,9986,10284,NEWTOWN,"Western Suburbs
MAGPIES",3,C,False
0,10173,10284,"Western Suburbs
MAGPIES",NEWTOWN,3,C,False
0,9982,10284,NEWTOWN,"Western Suburbs
MAGPIES",4,C,False
0,10019,10284,"Western Suburbs
MAGPIES",NEWTOWN,4,C,False
0,5819,10284,NEWTOWN,"Western Suburbs
MAGPIES",5,W,False
0,10070,10284,"Western Suburbs
MAGPIES",NEWTOWN,5,W,False
0,9867,10284,NEWTOWN,"Western Suburbs
MAGPIES",6,FE,False
0,11559,10284,"Western Suburbs
MAGPIES",NEWTOWN,6,FE,True
0,10060,10284,NEWTOWN,"Western Suburbs
MAGPIES",7,HB,False
0,10033,10284,"Western Suburbs
MAGPIES",NEWTOWN,7,HB,False
0,10014,10284,NEWTOWN,"Western Suburbs
MAGPIES",13,L,False
0,5840,10284,"Western Suburbs
MAGPIES",NEWTOWN,13,L,False
0,5838,10284,NEWTOWN,"Western Suburbs
MAGPIES",9,2R,False
0,9909,10284,"Western Suburbs
MAGPIES",NEWTOWN,12,2R,False
0,9887,10284,NEWTOWN,"Western Suburbs
MAGPIES",11,2R,False
0,10079,10284,"Western Suburbs
MAGPIES",NEWTOWN,11,2R,False
0,5843,10284,NEWTOWN,"Western Suburbs
MAGPIES",10,FR,True
0,10026,10284,"Western Suburbs
MAGPIES",NEWTOWN,10,FR,False
0,9997,10284,NEWTOWN,"Western Suburbs
MAGPIES",9,HK,False
0,9994,10284,"Western Suburbs
MAGPIES",NEWTOWN,9,HK,False
0,9936,10284,NEWTOWN,"Western Suburbs
MAGPIES",8,FR,False
0,9988,10284,"Western Suburbs
MAGPIES",NEWTOWN,8,FR,False
0,9640,10287,"St George
DRAGONS",EASTERN SUBURBS,1,FB,False
0,13067,10287,EASTERN SUBURBS,"St George
DRAGONS",1,FB,False
0,9821,10287,"St George
DRAGONS",EASTERN SUBURBS,2,W,False
0,10062,10287,EASTERN SUBURBS,"St George
DRAGONS",2,W,False
0,5881,10287,"St George
DRAGONS",EASTERN SUBURBS,3,C,False
0,9979,10287,EASTERN SUBURBS,"St George
DRAGONS",3,C,False
0,9991,10287,"St George
DRAGONS",EASTERN SUBURBS,4,C,False
0,10021,10287,EASTERN SUBURBS,"St George
DRAGONS",4,C,False
0,9935,10287,"St George
DRAGONS",EASTERN SUBURBS,5,W,False
0,9993,10287,EASTERN SUBURBS,"St George
DRAGONS",5,W,False
0,49852,10287,"St George
DRAGONS",EASTERN SUBURBS,6,FE,False
0,5862,10287,EASTERN SUBURBS,"St George
DRAGONS",6,FE,False
0,10027,10287,"St George
DRAGONS",EASTERN SUBURBS,7,HB,False
0,9920,10287,EASTERN SUBURBS,"St George
DRAGONS",7,HB,False
0,9907,10287,"St George
DRAGONS",EASTERN SUBURBS,13,L,False
0,10032,10287,EASTERN SUBURBS,"St George
DRAGONS",13,L,False
0,9644,10287,"St George
DRAGONS",EASTERN SUBURBS,12,2R,True
0,9978,10287,EASTERN SUBURBS,"St George
DRAGONS",9,2R,False
0,10074,10287,"St George
DRAGONS",EASTERN SUBURBS,10,2R,False
0,5836,10287,EASTERN SUBURBS,"St George
DRAGONS",11,2R,True
0,9992,10287,"St George
DRAGONS",EASTERN SUBURBS,10,FR,False
0,9742,10287,EASTERN SUBURBS,"St George
DRAGONS",10,FR,False
0,5885,10287,"St George
DRAGONS",EASTERN SUBURBS,9,HK,False
0,9844,10287,EASTERN SUBURBS,"St George
DRAGONS",12,HK,False
0,13040,10287,"St George
DRAGONS",EASTERN SUBURBS,13,FR,False
0,10072,10287,EASTERN SUBURBS,"St George
DRAGONS",13,FR,False
0,10073,10286,"South Sydney
RABBITOHS","Balmain
TIGERS",1,FB,False
0,5849,10286,"Balmain
TIGERS","South Sydney
RABBITOHS",1,FB,False
0,10066,10286,"South Sydney
RABBITOHS","Balmain
TIGERS",2,W,False
0,10063,10286,"Balmain
TIGERS","South Sydney
RABBITOHS",2,W,False
0,10013,10286,"South Sydney
RABBITOHS","Balmain
TIGERS",3,C,False
0,5845,10286,"Balmain
TIGERS","South Sydney
RABBITOHS",3,C,False
0,10111,10286,"South Sydney
RABBITOHS","Balmain
TIGERS",4,C,False
0,9872,10286,"Balmain
TIGERS","South Sydney
RABBITOHS",4,C,False
0,9948,10286,"South Sydney
RABBITOHS","Balmain
TIGERS",5,W,False
0,9783,10286,"Balmain
TIGERS","South Sydney
RABBITOHS",5,W,True
0,5855,10286,"South Sydney
RABBITOHS","Balmain
TIGERS",6,FE,False
0,10055,10286,"Balmain
TIGERS","South Sydney
RABBITOHS",6,FE,False
0,10128,10286,"South Sydney
RABBITOHS","Balmain
TIGERS",7,HB,False
0,10020,10286,"Balmain
TIGERS","South Sydney
RABBITOHS",7,HB,False
0,10123,10286,"South Sydney
RABBITOHS","Balmain
TIGERS",13,L,False
0,9939,10286,"Balmain
TIGERS","South Sydney
RABBITOHS",13,L,False
0,9953,10286,"South Sydney
RABBITOHS","Balmain
TIGERS",12,2R,False
0,9703,10286,"Balmain
TIGERS","South Sydney
RABBITOHS",12,2R,False
0,5853,10286,"South Sydney
RABBITOHS","Balmain
TIGERS",11,2R,False
0,10064,10286,"Balmain
TIGERS","South Sydney
RABBITOHS",11,2R,False
0,9835,10286,"South Sydney
RABBITOHS","Balmain
TIGERS",10,FR,True
0,8136,10286,"Balmain
TIGERS","South Sydney
RABBITOHS",10,FR,False
0,12989,10286,"South Sydney
RABBITOHS","Balmain
TIGERS",12,HK,False
0,10056,10286,"Balmain
TIGERS","South Sydney
RABBITOHS",9,HK,False
0,13247,10286,"South Sydney
RABBITOHS","Balmain
TIGERS",8,FR,False
0,9837,10286,"Balmain
TIGERS","South Sydney
RABBITOHS",8,FR,False
0,5849,10290,"Balmain
TIGERS","Western Suburbs
MAGPIES",1,FB,False
0,10038,10290,"Western Suburbs
MAGPIES","Balmain
TIGERS",1,FB,False
0,10063,10290,"Balmain
TIGERS","Western Suburbs
MAGPIES",2,W,False
0,9889,10290,"Western Suburbs
MAGPIES","Balmain
TIGERS",2,W,False
0,5845,10290,"Balmain
TIGERS","Western Suburbs
MAGPIES",3,C,False
0,9210,10290,"Western Suburbs
MAGPIES","Balmain
TIGERS",3,C,False
0,9872,10290,"Balmain
TIGERS","Western Suburbs
MAGPIES",4,C,False
0,10019,10290,"Western Suburbs
MAGPIES","Balmain
TIGERS",4,C,False
0,9783,10290,"Balmain
TIGERS","Western Suburbs
MAGPIES",5,W,True
0,10070,10290,"Western Suburbs
MAGPIES","Balmain
TIGERS",5,W,False
0,10055,10290,"Balmain
TIGERS","Western Suburbs
MAGPIES",6,FE,False
0,11559,10290,"Western Suburbs
MAGPIES","Balmain
TIGERS",6,FE,True
0,10020,10290,"Balmain
TIGERS","Western Suburbs
MAGPIES",7,HB,False
0,10033,10290,"Western Suburbs
MAGPIES","Balmain
TIGERS",7,HB,False
0,9939,10290,"Balmain
TIGERS","Western Suburbs
MAGPIES",13,L,False
0,5840,10290,"Western Suburbs
MAGPIES","Balmain
TIGERS",13,L,False
0,9703,10290,"Balmain
TIGERS","Western Suburbs
MAGPIES",12,2R,False
0,9909,10290,"Western Suburbs
MAGPIES","Balmain
TIGERS",12,2R,False
0,10064,10290,"Balmain
TIGERS","Western Suburbs
MAGPIES",11,2R,False
0,10079,10290,"Western Suburbs
MAGPIES","Balmain
TIGERS",11,2R,False
0,8136,10290,"Balmain
TIGERS","Western Suburbs
MAGPIES",10,FR,False
0,10026,10290,"Western Suburbs
MAGPIES","Balmain
TIGERS",10,FR,False
0,10056,10290,"Balmain
TIGERS","Western Suburbs
MAGPIES",9,HK,False
0,9994,10290,"Western Suburbs
MAGPIES","Balmain
TIGERS",9,HK,False
0,9837,10290,"Balmain
TIGERS","Western Suburbs
MAGPIES",8,FR,False
0,9988,10290,"Western Suburbs
MAGPIES","Balmain
TIGERS",8,FR,False
0,10042,10291,EASTERN SUBURBS,CANTERBURY BANKSTOWN,1,FB,False
0,9896,10291,CANTERBURY BANKSTOWN,EASTERN SUBURBS,1,FB,True
0,10062,10291,EASTERN SUBURBS,CANTERBURY BANKSTOWN,2,W,False
0,10043,10291,CANTERBURY BANKSTOWN,EASTERN SUBURBS,2,W,False
0,10090,10291,EASTERN SUBURBS,CANTERBURY BANKSTOWN,3,C,False
0,5839,10291,CANTERBURY BANKSTOWN,EASTERN SUBURBS,3,C,False
0,10021,10291,EASTERN SUBURBS,CANTERBURY BANKSTOWN,4,C,False
0,10053,10291,CANTERBURY BANKSTOWN,EASTERN SUBURBS,4,C,False
0,13067,10291,EASTERN SUBURBS,CANTERBURY BANKSTOWN,5,W,False
0,10052,10291,CANTERBURY BANKSTOWN,EASTERN SUBURBS,5,W,False
0,5862,10291,EASTERN SUBURBS,CANTERBURY BANKSTOWN,6,FE,False
0,9785,10291,CANTERBURY BANKSTOWN,EASTERN SUBURBS,6,FE,False
0,9920,10291,EASTERN SUBURBS,CANTERBURY BANKSTOWN,7,HB,False
0,10071,10291,CANTERBURY BANKSTOWN,EASTERN SUBURBS,7,HB,False
0,10032,10291,EASTERN SUBURBS,CANTERBURY BANKSTOWN,13,L,False
0,11798,10291,CANTERBURY BANKSTOWN,EASTERN SUBURBS,8,L,False
0,9978,10291,EASTERN SUBURBS,CANTERBURY BANKSTOWN,12,2R,False
0,9973,10291,CANTERBURY BANKSTOWN,EASTERN SUBURBS,12,2R,False
0,5836,10291,EASTERN SUBURBS,CANTERBURY BANKSTOWN,11,2R,True
0,10068,10291,CANTERBURY BANKSTOWN,EASTERN SUBURBS,11,2R,False
0,9844,10291,EASTERN SUBURBS,CANTERBURY BANKSTOWN,11,FR,False
0,9752,10291,CANTERBURY BANKSTOWN,EASTERN SUBURBS,10,FR,False
0,13239,10291,EASTERN SUBURBS,CANTERBURY BANKSTOWN,12,HK,False
0,10180,10291,CANTERBURY BANKSTOWN,EASTERN SUBURBS,9,HK,False
0,10072,10291,EASTERN SUBURBS,CANTERBURY BANKSTOWN,8,FR,False
0,9699,10291,CANTERBURY BANKSTOWN,EASTERN SUBURBS,8,FR,False
0,10067,10288,NEWTOWN,"St George
DRAGONS",1,FB,False
0,9640,10288,"St George
DRAGONS",NEWTOWN,1,FB,False
0,9982,10288,NEWTOWN,"St George
DRAGONS",2,W,False
0,9821,10288,"St George
DRAGONS",NEWTOWN,2,W,False
0,9986,10288,NEWTOWN,"St George
DRAGONS",3,C,False
0,12077,10288,"St George
DRAGONS",NEWTOWN,3,C,False
0,9730,10288,NEWTOWN,"St George
DRAGONS",4,C,False
0,10153,10288,"St George
DRAGONS",NEWTOWN,4,C,False
0,5819,10288,NEWTOWN,"St George
DRAGONS",5,W,False
0,9935,10288,"St George
DRAGONS",NEWTOWN,5,W,False
0,9867,10288,NEWTOWN,"St George
DRAGONS",6,FE,False
0,49852,10288,"St George
DRAGONS",NEWTOWN,6,FE,False
0,10060,10288,NEWTOWN,"St George
DRAGONS",7,HB,False
0,10027,10288,"St George
DRAGONS",NEWTOWN,7,HB,False
0,10014,10288,NEWTOWN,"St George
DRAGONS",13,L,False
0,9907,10288,"St George
DRAGONS",NEWTOWN,13,L,False
0,5838,10288,NEWTOWN,"St George
DRAGONS",12,2R,False
0,9644,10288,"St George
DRAGONS",NEWTOWN,12,2R,True
0,9887,10288,NEWTOWN,"St George
DRAGONS",11,2R,False
0,10074,10288,"St George
DRAGONS",NEWTOWN,11,2R,False
0,5843,10288,NEWTOWN,"St George
DRAGONS",10,FR,True
0,9992,10288,"St George
DRAGONS",NEWTOWN,10,FR,False
0,9997,10288,NEWTOWN,"St George
DRAGONS",9,HK,False
0,5885,10288,"St George
DRAGONS",NEWTOWN,9,HK,False
0,9936,10288,NEWTOWN,"St George
DRAGONS",8,FR,False
0,13040,10288,"St George
DRAGONS",NEWTOWN,8,FR,False
0,9653,10289,NORTH SYDNEY,"South Sydney
RABBITOHS",1,FB,False
0,9922,10289,"South Sydney
RABBITOHS",NORTH SYDNEY,1,FB,False
0,9996,10289,NORTH SYDNEY,"South Sydney
RABBITOHS",2,W,False
0,5581,10289,"South Sydney
RABBITOHS",NORTH SYDNEY,2,W,False
0,12467,10289,NORTH SYDNEY,"South Sydney
RABBITOHS",3,C,False
0,10013,10289,"South Sydney
RABBITOHS",NORTH SYDNEY,3,C,False
0,9771,10289,NORTH SYDNEY,"South Sydney
RABBITOHS",4,C,True
0,12869,10289,"South Sydney
RABBITOHS",NORTH SYDNEY,4,C,False
0,5901,10289,NORTH SYDNEY,"South Sydney
RABBITOHS",5,W,False
0,9897,10289,"South Sydney
RABBITOHS",NORTH SYDNEY,5,W,False
0,9960,10289,NORTH SYDNEY,"South Sydney
RABBITOHS",6,FE,False
0,5855,10289,"South Sydney
RABBITOHS",NORTH SYDNEY,6,FE,False
0,10346,10289,NORTH SYDNEY,"South Sydney
RABBITOHS",7,HB,False
0,5884,10289,"South Sydney
RABBITOHS",NORTH SYDNEY,7,HB,False
0,12502,10289,NORTH SYDNEY,"South Sydney
RABBITOHS",8,L,False
0,10059,10289,"South Sydney
RABBITOHS",NORTH SYDNEY,8,L,False
0,10081,10289,NORTH SYDNEY,"South Sydney
RABBITOHS",12,2R,False
0,9953,10289,"South Sydney
RABBITOHS",NORTH SYDNEY,12,2R,False
0,9868,10289,NORTH SYDNEY,"South Sydney
RABBITOHS",10,2R,False
0,5853,10289,"South Sydney
RABBITOHS",NORTH SYDNEY,11,2R,False
0,9506,10289,NORTH SYDNEY,"South Sydney
RABBITOHS",10,FR,False
0,9835,10289,"South Sydney
RABBITOHS",NORTH SYDNEY,10,FR,True
0,10010,10289,NORTH SYDNEY,"South Sydney
RABBITOHS",9,HK,False
0,12989,10289,"South Sydney
RABBITOHS",NORTH SYDNEY,9,HK,False
0,9846,10289,NORTH SYDNEY,"South Sydney
RABBITOHS",8,FR,False
0,13247,10289,"South Sydney
RABBITOHS",NORTH SYDNEY,8,FR,False
0,10042,10292,EASTERN SUBURBS,"South Sydney
RABBITOHS",1,FB,False
0,10073,10292,"South Sydney
RABBITOHS",EASTERN SUBURBS,1,FB,False
0,10062,10292,EASTERN SUBURBS,"South Sydney
RABBITOHS",2,W,False
0,5581,10292,"South Sydney
RABBITOHS",EASTERN SUBURBS,2,W,False
0,9979,10292,EASTERN SUBURBS,"South Sydney
RABBITOHS",3,C,False
0,10013,10292,"South Sydney
RABBITOHS",EASTERN SUBURBS,3,C,False
0,10021,10292,EASTERN SUBURBS,"South Sydney
RABBITOHS",4,C,False
0,12869,10292,"South Sydney
RABBITOHS",EASTERN SUBURBS,4,C,False
0,11566,10292,EASTERN SUBURBS,"South Sydney
RABBITOHS",5,W,False
0,9897,10292,"South Sydney
RABBITOHS",EASTERN SUBURBS,5,W,False
0,5862,10292,EASTERN SUBURBS,"South Sydney
RABBITOHS",6,FE,False
0,5855,10292,"South Sydney
RABBITOHS",EASTERN SUBURBS,6,FE,False
0,9920,10292,EASTERN SUBURBS,"South Sydney
RABBITOHS",7,HB,False
0,5884,10292,"South Sydney
RABBITOHS",EASTERN SUBURBS,7,HB,False
0,5836,10292,EASTERN SUBURBS,"South Sydney
RABBITOHS",8,L,True
0,10059,10292,"South Sydney
RABBITOHS",EASTERN SUBURBS,13,L,False
0,9978,10292,EASTERN SUBURBS,"South Sydney
RABBITOHS",12,2R,False
0,9953,10292,"South Sydney
RABBITOHS",EASTERN SUBURBS,12,2R,False
0,10082,10292,EASTERN SUBURBS,"South Sydney
RABBITOHS",10,2R,False
0,5853,10292,"South Sydney
RABBITOHS",EASTERN SUBURBS,11,2R,False
0,10046,10292,EASTERN SUBURBS,"South Sydney
RABBITOHS",11,FR,False
0,9835,10292,"South Sydney
RABBITOHS",EASTERN SUBURBS,10,FR,True
0,9844,10292,EASTERN SUBURBS,"South Sydney
RABBITOHS",12,HK,False
0,9883,10292,"South Sydney
RABBITOHS",EASTERN SUBURBS,12,HK,False
0,10072,10292,EASTERN SUBURBS,"South Sydney
RABBITOHS",8,FR,False
0,13247,10292,"South Sydney
RABBITOHS",EASTERN SUBURBS,8,FR,False
0,9730,10294,NEWTOWN,"Balmain
TIGERS",1,FB,False
0,5849,10294,"Balmain
TIGERS",NEWTOWN,1,FB,False
0,9982,10294,NEWTOWN,"Balmain
TIGERS",2,W,False
0,10063,10294,"Balmain
TIGERS",NEWTOWN,2,W,False
0,9986,10294,NEWTOWN,"Balmain
TIGERS",3,C,False
0,5845,10294,"Balmain
TIGERS",NEWTOWN,3,C,False
0,5867,10294,NEWTOWN,"Balmain
TIGERS",4,C,False
0,9872,10294,"Balmain
TIGERS",NEWTOWN,4,C,False
0,5819,10294,NEWTOWN,"Balmain
TIGERS",5,W,False
0,9783,10294,"Balmain
TIGERS",NEWTOWN,5,W,True
0,9714,10294,NEWTOWN,"Balmain
TIGERS",6,FE,False
0,10055,10294,"Balmain
TIGERS",NEWTOWN,6,FE,False
0,10060,10294,NEWTOWN,"Balmain
TIGERS",7,HB,False
0,10020,10294,"Balmain
TIGERS",NEWTOWN,7,HB,False
0,10014,10294,NEWTOWN,"Balmain
TIGERS",13,L,False
0,9939,10294,"Balmain
TIGERS",NEWTOWN,13,L,False
0,5838,10294,NEWTOWN,"Balmain
TIGERS",12,2R,False
0,9703,10294,"Balmain
TIGERS",NEWTOWN,12,2R,False
0,9887,10294,NEWTOWN,"Balmain
TIGERS",11,2R,False
0,10064,10294,"Balmain
TIGERS",NEWTOWN,11,2R,False
0,5843,10294,NEWTOWN,"Balmain
TIGERS",10,FR,True
0,8136,10294,"Balmain
TIGERS",NEWTOWN,10,FR,False
0,9997,10294,NEWTOWN,"Balmain
TIGERS",9,HK,False
0,5850,10294,"Balmain
TIGERS",NEWTOWN,12,HK,False
0,9936,10294,NEWTOWN,"Balmain
TIGERS",8,FR,False
0,9837,10294,"Balmain
TIGERS",NEWTOWN,8,FR,False
0,9640,10295,"St George
DRAGONS",CANTERBURY BANKSTOWN,1,FB,False
0,9896,10295,CANTERBURY BANKSTOWN,"St George
DRAGONS",1,FB,True
0,49852,10295,"St George
DRAGONS",CANTERBURY BANKSTOWN,2,W,False
0,10043,10295,CANTERBURY BANKSTOWN,"St George
DRAGONS",2,W,False
0,29413,10295,"St George
DRAGONS",CANTERBURY BANKSTOWN,3,C,False
0,5839,10295,CANTERBURY BANKSTOWN,"St George
DRAGONS",3,C,False
0,28230,10295,"St George
DRAGONS",CANTERBURY BANKSTOWN,4,C,False
0,10053,10295,CANTERBURY BANKSTOWN,"St George
DRAGONS",4,C,False
0,9935,10295,"St George
DRAGONS",CANTERBURY BANKSTOWN,5,W,False
0,10052,10295,CANTERBURY BANKSTOWN,"St George
DRAGONS",5,W,False
0,10153,10295,"St George
DRAGONS",CANTERBURY BANKSTOWN,6,FE,False
0,9785,10295,CANTERBURY BANKSTOWN,"St George
DRAGONS",6,FE,False
0,10027,10295,"St George
DRAGONS",CANTERBURY BANKSTOWN,7,HB,False
0,10071,10295,CANTERBURY BANKSTOWN,"St George
DRAGONS",7,HB,False
0,9907,10295,"St George
DRAGONS",CANTERBURY BANKSTOWN,13,L,False
0,11798,10295,CANTERBURY BANKSTOWN,"St George
DRAGONS",13,L,False
0,9644,10295,"St George
DRAGONS",CANTERBURY BANKSTOWN,12,2R,True
0,9973,10295,CANTERBURY BANKSTOWN,"St George
DRAGONS",12,2R,False
0,10074,10295,"St George
DRAGONS",CANTERBURY BANKSTOWN,11,2R,False
0,10068,10295,CANTERBURY BANKSTOWN,"St George
DRAGONS",11,2R,False
0,9992,10295,"St George
DRAGONS",CANTERBURY BANKSTOWN,10,FR,False
0,9752,10295,CANTERBURY BANKSTOWN,"St George
DRAGONS",10,FR,False
0,13104,10295,"St George
DRAGONS",CANTERBURY BANKSTOWN,12,HK,False
0,9860,10295,CANTERBURY BANKSTOWN,"St George
DRAGONS",12,HK,False
0,13040,10295,"St George
DRAGONS",CANTERBURY BANKSTOWN,8,FR,False
0,9699,10295,CANTERBURY BANKSTOWN,"St George
DRAGONS",8,FR,False
0,10038,10293,"Western Suburbs
MAGPIES",NORTH SYDNEY,1,FB,False
0,9653,10293,NORTH SYDNEY,"Western Suburbs
MAGPIES",1,FB,False
0,10076,10293,"Western Suburbs
MAGPIES",NORTH SYDNEY,2,W,False
0,9795,10293,NORTH SYDNEY,"Western Suburbs
MAGPIES",2,W,False
0,10078,10293,"Western Suburbs
MAGPIES",NORTH SYDNEY,3,C,False
0,12467,10293,NORTH SYDNEY,"Western Suburbs
MAGPIES",3,C,False
0,10019,10293,"Western Suburbs
MAGPIES",NORTH SYDNEY,4,C,False
0,9771,10293,NORTH SYDNEY,"Western Suburbs
MAGPIES",4,C,True
0,9210,10293,"Western Suburbs
MAGPIES",NORTH SYDNEY,5,W,False
0,5901,10293,NORTH SYDNEY,"Western Suburbs
MAGPIES",5,W,False
0,11559,10293,"Western Suburbs
MAGPIES",NORTH SYDNEY,6,FE,True
0,9960,10293,NORTH SYDNEY,"Western Suburbs
MAGPIES",6,FE,False
0,10033,10293,"Western Suburbs
MAGPIES",NORTH SYDNEY,7,HB,False
0,10346,10293,NORTH SYDNEY,"Western Suburbs
MAGPIES",7,HB,False
0,5840,10293,"Western Suburbs
MAGPIES",NORTH SYDNEY,13,L,False
0,10081,10293,NORTH SYDNEY,"Western Suburbs
MAGPIES",8,L,False
0,9909,10293,"Western Suburbs
MAGPIES",NORTH SYDNEY,12,2R,False
0,10157,10293,NORTH SYDNEY,"Western Suburbs
MAGPIES",9,2R,False
0,10079,10293,"Western Suburbs
MAGPIES",NORTH SYDNEY,11,2R,False
0,9868,10293,NORTH SYDNEY,"Western Suburbs
MAGPIES",11,2R,False
0,9880,10293,"Western Suburbs
MAGPIES",NORTH SYDNEY,11,FR,False
0,9506,10293,NORTH SYDNEY,"Western Suburbs
MAGPIES",10,FR,False
0,9994,10293,"Western Suburbs
MAGPIES",NORTH SYDNEY,9,HK,False
0,10010,10293,NORTH SYDNEY,"Western Suburbs
MAGPIES",9,HK,False
0,9988,10293,"Western Suburbs
MAGPIES",NORTH SYDNEY,8,FR,False
0,9846,10293,NORTH SYDNEY,"Western Suburbs
MAGPIES",8,FR,False
0,5849,10297,"Balmain
TIGERS",NORTH SYDNEY,1,FB,False
0,9653,10297,NORTH SYDNEY,"Balmain
TIGERS",1,FB,False
0,10063,10297,"Balmain
TIGERS",NORTH SYDNEY,2,W,False
0,9795,10297,NORTH SYDNEY,"Balmain
TIGERS",2,W,False
0,5845,10297,"Balmain
TIGERS",NORTH SYDNEY,3,C,False
0,12467,10297,NORTH SYDNEY,"Balmain
TIGERS",3,C,False
0,9872,10297,"Balmain
TIGERS",NORTH SYDNEY,4,C,False
0,9771,10297,NORTH SYDNEY,"Balmain
TIGERS",4,C,True
0,9783,10297,"Balmain
TIGERS",NORTH SYDNEY,5,W,True
0,9996,10297,NORTH SYDNEY,"Balmain
TIGERS",5,W,False
0,9944,10297,"Balmain
TIGERS",NORTH SYDNEY,6,FE,False
0,9960,10297,NORTH SYDNEY,"Balmain
TIGERS",6,FE,False
0,10020,10297,"Balmain
TIGERS",NORTH SYDNEY,7,HB,False
0,10346,10297,NORTH SYDNEY,"Balmain
TIGERS",7,HB,False
0,9939,10297,"Balmain
TIGERS",NORTH SYDNEY,8,L,False
0,10081,10297,NORTH SYDNEY,"Balmain
TIGERS",8,L,False
0,9703,10297,"Balmain
TIGERS",NORTH SYDNEY,9,2R,False
0,10157,10297,NORTH SYDNEY,"Balmain
TIGERS",9,2R,False
0,10064,10297,"Balmain
TIGERS",NORTH SYDNEY,10,2R,False
0,9868,10297,NORTH SYDNEY,"Balmain
TIGERS",10,2R,False
0,8136,10297,"Balmain
TIGERS",NORTH SYDNEY,11,FR,False
0,9506,10297,NORTH SYDNEY,"Balmain
TIGERS",11,FR,False
0,5850,10297,"Balmain
TIGERS",NORTH SYDNEY,12,HK,False
0,10010,10297,NORTH SYDNEY,"Balmain
TIGERS",12,HK,False
0,9837,10297,"Balmain
TIGERS",NORTH SYDNEY,13,FR,False
0,9846,10297,NORTH SYDNEY,"Balmain
TIGERS",13,FR,False
0,9896,10298,CANTERBURY BANKSTOWN,NEWTOWN,1,FB,True
0,9730,10298,NEWTOWN,CANTERBURY BANKSTOWN,1,FB,False
0,10043,10298,CANTERBURY BANKSTOWN,NEWTOWN,2,W,False
0,5829,10298,NEWTOWN,CANTERBURY BANKSTOWN,2,W,False
0,10080,10298,CANTERBURY BANKSTOWN,NEWTOWN,3,C,False
0,9918,10298,NEWTOWN,CANTERBURY BANKSTOWN,3,C,False
0,10053,10298,CANTERBURY BANKSTOWN,NEWTOWN,4,C,False
0,5867,10298,NEWTOWN,CANTERBURY BANKSTOWN,4,C,False
0,10052,10298,CANTERBURY BANKSTOWN,NEWTOWN,5,W,False
0,5819,10298,NEWTOWN,CANTERBURY BANKSTOWN,5,W,False
0,9785,10298,CANTERBURY BANKSTOWN,NEWTOWN,6,FE,False
0,9714,10298,NEWTOWN,CANTERBURY BANKSTOWN,6,FE,False
0,10071,10298,CANTERBURY BANKSTOWN,NEWTOWN,7,HB,False
0,10060,10298,NEWTOWN,CANTERBURY BANKSTOWN,7,HB,False
0,9589,10298,CANTERBURY BANKSTOWN,NEWTOWN,8,L,False
0,10014,10298,NEWTOWN,CANTERBURY BANKSTOWN,8,L,False
0,9973,10298,CANTERBURY BANKSTOWN,NEWTOWN,9,2R,False
0,12783,10298,NEWTOWN,CANTERBURY BANKSTOWN,9,2R,False
0,10068,10298,CANTERBURY BANKSTOWN,NEWTOWN,10,2R,False
0,9887,10298,NEWTOWN,CANTERBURY BANKSTOWN,10,2R,False
0,9752,10298,CANTERBURY BANKSTOWN,NEWTOWN,11,FR,False
0,5843,10298,NEWTOWN,CANTERBURY BANKSTOWN,11,FR,True
0,9860,10298,CANTERBURY BANKSTOWN,NEWTOWN,12,HK,False
0,9997,10298,NEWTOWN,CANTERBURY BANKSTOWN,12,HK,False
0,9699,10298,CANTERBURY BANKSTOWN,NEWTOWN,13,FR,False
0,9936,10298,NEWTOWN,CANTERBURY BANKSTOWN,13,FR,False
0,10094,10299,EASTERN SUBURBS,"Western Suburbs
MAGPIES",1,FB,False
0,10038,10299,"Western Suburbs
MAGPIES",EASTERN SUBURBS,1,FB,False
0,10062,10299,EASTERN SUBURBS,"Western Suburbs
MAGPIES",2,W,False
0,10078,10299,"Western Suburbs
MAGPIES",EASTERN SUBURBS,2,W,False
0,9827,10299,EASTERN SUBURBS,"Western Suburbs
MAGPIES",3,C,False
0,9889,10299,"Western Suburbs
MAGPIES",EASTERN SUBURBS,3,C,False
0,10021,10299,EASTERN SUBURBS,"Western Suburbs
MAGPIES",4,C,False
0,10076,10299,"Western Suburbs
MAGPIES",EASTERN SUBURBS,4,C,False
0,10083,10299,EASTERN SUBURBS,"Western Suburbs
MAGPIES",5,W,False
0,10070,10299,"Western Suburbs
MAGPIES",EASTERN SUBURBS,5,W,False
0,10085,10299,EASTERN SUBURBS,"Western Suburbs
MAGPIES",6,FE,True
0,11559,10299,"Western Suburbs
MAGPIES",EASTERN SUBURBS,6,FE,True
0,10314,10299,EASTERN SUBURBS,"Western Suburbs
MAGPIES",7,HB,False
0,9998,10299,"Western Suburbs
MAGPIES",EASTERN SUBURBS,7,HB,False
0,10256,10299,EASTERN SUBURBS,"Western Suburbs
MAGPIES",8,L,False
0,5840,10299,"Western Suburbs
MAGPIES",EASTERN SUBURBS,8,L,False
0,9978,10299,EASTERN SUBURBS,"Western Suburbs
MAGPIES",9,2R,False
0,9909,10299,"Western Suburbs
MAGPIES",EASTERN SUBURBS,9,2R,False
0,10082,10299,EASTERN SUBURBS,"Western Suburbs
MAGPIES",10,2R,False
0,10079,10299,"Western Suburbs
MAGPIES",EASTERN SUBURBS,10,2R,False
0,10046,10299,EASTERN SUBURBS,"Western Suburbs
MAGPIES",11,FR,False
0,9880,10299,"Western Suburbs
MAGPIES",EASTERN SUBURBS,11,FR,False
0,9844,10299,EASTERN SUBURBS,"Western Suburbs
MAGPIES",12,HK,False
0,9994,10299,"Western Suburbs
MAGPIES",EASTERN SUBURBS,12,HK,False
0,9742,10299,EASTERN SUBURBS,"Western Suburbs
MAGPIES",13,FR,False
0,9988,10299,"Western Suburbs
MAGPIES",EASTERN SUBURBS,13,FR,False
0,9991,10296,"St George
DRAGONS","South Sydney
RABBITOHS",1,FB,False
0,10073,10296,"South Sydney
RABBITOHS","St George
DRAGONS",1,FB,False
0,10213,10296,"St George
DRAGONS","South Sydney
RABBITOHS",2,W,False
0,5581,10296,"South Sydney
RABBITOHS","St George
DRAGONS",2,W,False
0,9821,10296,"St George
DRAGONS","South Sydney
RABBITOHS",3,C,False
0,10013,10296,"South Sydney
RABBITOHS","St George
DRAGONS",3,C,False
0,10084,10296,"St George
DRAGONS","South Sydney
RABBITOHS",4,C,False
0,12869,10296,"South Sydney
RABBITOHS","St George
DRAGONS",4,C,False
0,9935,10296,"St George
DRAGONS","South Sydney
RABBITOHS",5,W,False
0,10066,10296,"South Sydney
RABBITOHS","St George
DRAGONS",5,W,False
0,49852,10296,"St George
DRAGONS","South Sydney
RABBITOHS",6,FE,False
0,5855,10296,"South Sydney
RABBITOHS","St George
DRAGONS",6,FE,False
0,9942,10296,"St George
DRAGONS","South Sydney
RABBITOHS",7,HB,False
0,10059,10296,"South Sydney
RABBITOHS","St George
DRAGONS",7,HB,False
0,9907,10296,"St George
DRAGONS","South Sydney
RABBITOHS",8,L,False
0,9731,10296,"South Sydney
RABBITOHS","St George
DRAGONS",8,L,False
0,9644,10296,"St George
DRAGONS","South Sydney
RABBITOHS",9,2R,True
0,9953,10296,"South Sydney
RABBITOHS","St George
DRAGONS",9,2R,False
0,10074,10296,"St George
DRAGONS","South Sydney
RABBITOHS",10,2R,False
0,5853,10296,"South Sydney
RABBITOHS","St George
DRAGONS",10,2R,False
0,10120,10296,"St George
DRAGONS","South Sydney
RABBITOHS",11,FR,False
0,9835,10296,"South Sydney
RABBITOHS","St George
DRAGONS",11,FR,True
0,5885,10296,"St George
DRAGONS","South Sydney
RABBITOHS",12,HK,False
0,11630,10296,"South Sydney
RABBITOHS","St George
DRAGONS",12,HK,False
0,13040,10296,"St George
DRAGONS","South Sydney
RABBITOHS",13,FR,False
0,9883,10296,"South Sydney
RABBITOHS","St George
DRAGONS",13,FR,False
0,5849,10300,"Balmain
TIGERS","St George
DRAGONS",1,FB,False
0,9991,10300,"St George
DRAGONS","Balmain
TIGERS",1,FB,False
0,10063,10300,"Balmain
TIGERS","St George
DRAGONS",2,W,False
0,10213,10300,"St George
DRAGONS","Balmain
TIGERS",2,W,False
0,5845,10300,"Balmain
TIGERS","St George
DRAGONS",3,C,False
0,10077,10300,"St George
DRAGONS","Balmain
TIGERS",3,C,False
0,9872,10300,"Balmain
TIGERS","St George
DRAGONS",4,C,False
0,10084,10300,"St George
DRAGONS","Balmain
TIGERS",4,C,False
0,9783,10300,"Balmain
TIGERS","St George
DRAGONS",5,W,True
0,9821,10300,"St George
DRAGONS","Balmain
TIGERS",5,W,False
0,10055,10300,"Balmain
TIGERS","St George
DRAGONS",6,FE,False
0,49852,10300,"St George
DRAGONS","Balmain
TIGERS",6,FE,False
0,10020,10300,"Balmain
TIGERS","St George
DRAGONS",7,HB,False
0,10027,10300,"St George
DRAGONS","Balmain
TIGERS",7,HB,False
0,9939,10300,"Balmain
TIGERS","St George
DRAGONS",13,L,False
0,10058,10300,"St George
DRAGONS","Balmain
TIGERS",8,L,False
0,9703,10300,"Balmain
TIGERS","St George
DRAGONS",12,2R,False
0,9907,10300,"St George
DRAGONS","Balmain
TIGERS",9,2R,False
0,10064,10300,"Balmain
TIGERS","St George
DRAGONS",11,2R,False
0,10074,10300,"St George
DRAGONS","Balmain
TIGERS",10,2R,False
0,8136,10300,"Balmain
TIGERS","St George
DRAGONS",10,FR,False
0,9644,10300,"St George
DRAGONS","Balmain
TIGERS",11,FR,True
0,5850,10300,"Balmain
TIGERS","St George
DRAGONS",9,HK,False
0,5885,10300,"St George
DRAGONS","Balmain
TIGERS",9,HK,False
0,9837,10300,"Balmain
TIGERS","St George
DRAGONS",8,FR,False
0,13040,10300,"St George
DRAGONS","Balmain
TIGERS",8,FR,False
0,9653,10303,NORTH SYDNEY,EASTERN SUBURBS,1,FB,False
0,10094,10303,EASTERN SUBURBS,NORTH SYDNEY,1,FB,False
0,5901,10303,NORTH SYDNEY,EASTERN SUBURBS,2,W,False
0,10062,10303,EASTERN SUBURBS,NORTH SYDNEY,2,W,False
0,12467,10303,NORTH SYDNEY,EASTERN SUBURBS,3,C,False
0,9827,10303,EASTERN SUBURBS,NORTH SYDNEY,3,C,False
0,9771,10303,NORTH SYDNEY,EASTERN SUBURBS,4,C,True
0,13332,10303,EASTERN SUBURBS,NORTH SYDNEY,4,C,False
0,9996,10303,NORTH SYDNEY,EASTERN SUBURBS,5,W,False
0,10083,10303,EASTERN SUBURBS,NORTH SYDNEY,5,W,False
0,9960,10303,NORTH SYDNEY,EASTERN SUBURBS,6,FE,False
0,10029,10303,EASTERN SUBURBS,NORTH SYDNEY,6,FE,False
0,10346,10303,NORTH SYDNEY,EASTERN SUBURBS,7,HB,False
0,10085,10303,EASTERN SUBURBS,NORTH SYDNEY,7,HB,True
0,10081,10303,NORTH SYDNEY,EASTERN SUBURBS,13,L,False
0,10032,10303,EASTERN SUBURBS,NORTH SYDNEY,8,L,False
0,10179,10303,NORTH SYDNEY,EASTERN SUBURBS,9,2R,False
0,10072,10303,EASTERN SUBURBS,NORTH SYDNEY,9,2R,False
0,9868,10303,NORTH SYDNEY,EASTERN SUBURBS,11,2R,False
0,10082,10303,EASTERN SUBURBS,NORTH SYDNEY,11,2R,False
0,9506,10303,NORTH SYDNEY,EASTERN SUBURBS,10,FR,False
0,10046,10303,EASTERN SUBURBS,NORTH SYDNEY,10,FR,False
0,10010,10303,NORTH SYDNEY,EASTERN SUBURBS,9,HK,False
0,9978,10303,EASTERN SUBURBS,NORTH SYDNEY,12,HK,False
0,9846,10303,NORTH SYDNEY,EASTERN SUBURBS,8,FR,False
0,9742,10303,EASTERN SUBURBS,NORTH SYDNEY,8,FR,False
0,10073,10301,"South Sydney
RABBITOHS",NEWTOWN,1,FB,False
0,9730,10301,NEWTOWN,"South Sydney
RABBITOHS",1,FB,False
0,5581,10301,"South Sydney
RABBITOHS",NEWTOWN,2,W,False
0,5829,10301,NEWTOWN,"South Sydney
RABBITOHS",2,W,False
0,10013,10301,"South Sydney
RABBITOHS",NEWTOWN,3,C,False
0,9918,10301,NEWTOWN,"South Sydney
RABBITOHS",3,C,False
0,12869,10301,"South Sydney
RABBITOHS",NEWTOWN,4,C,False
0,5867,10301,NEWTOWN,"South Sydney
RABBITOHS",4,C,False
0,10066,10301,"South Sydney
RABBITOHS",NEWTOWN,5,W,False
0,5819,10301,NEWTOWN,"South Sydney
RABBITOHS",5,W,False
0,5855,10301,"South Sydney
RABBITOHS",NEWTOWN,6,FE,False
0,9714,10301,NEWTOWN,"South Sydney
RABBITOHS",6,FE,False
0,10059,10301,"South Sydney
RABBITOHS",NEWTOWN,7,HB,False
0,10060,10301,NEWTOWN,"South Sydney
RABBITOHS",7,HB,False
0,9731,10301,"South Sydney
RABBITOHS",NEWTOWN,13,L,False
0,10014,10301,NEWTOWN,"South Sydney
RABBITOHS",13,L,False
0,9953,10301,"South Sydney
RABBITOHS",NEWTOWN,12,2R,False
0,5838,10301,NEWTOWN,"South Sydney
RABBITOHS",9,2R,False
0,5853,10301,"South Sydney
RABBITOHS",NEWTOWN,11,2R,False
0,9887,10301,NEWTOWN,"South Sydney
RABBITOHS",11,2R,False
0,9835,10301,"South Sydney
RABBITOHS",NEWTOWN,10,FR,True
0,5843,10301,NEWTOWN,"South Sydney
RABBITOHS",10,FR,True
0,11630,10301,"South Sydney
RABBITOHS",NEWTOWN,9,HK,False
0,9997,10301,NEWTOWN,"South Sydney
RABBITOHS",9,HK,False
0,13247,10301,"South Sydney
RABBITOHS",NEWTOWN,13,FR,False
0,9936,10301,NEWTOWN,"South Sydney
RABBITOHS",8,FR,False
0,10038,10302,"Western Suburbs
MAGPIES",CANTERBURY BANKSTOWN,1,FB,False
0,9896,10302,CANTERBURY BANKSTOWN,"Western Suburbs
MAGPIES",1,FB,True
0,10078,10302,"Western Suburbs
MAGPIES",CANTERBURY BANKSTOWN,2,W,False
0,10080,10302,CANTERBURY BANKSTOWN,"Western Suburbs
MAGPIES",2,W,False
0,9889,10302,"Western Suburbs
MAGPIES",CANTERBURY BANKSTOWN,3,C,False
0,5839,10302,CANTERBURY BANKSTOWN,"Western Suburbs
MAGPIES",3,C,False
0,10076,10302,"Western Suburbs
MAGPIES",CANTERBURY BANKSTOWN,4,C,False
0,10065,10302,CANTERBURY BANKSTOWN,"Western Suburbs
MAGPIES",4,C,False
0,10070,10302,"Western Suburbs
MAGPIES",CANTERBURY BANKSTOWN,5,W,False
0,10052,10302,CANTERBURY BANKSTOWN,"Western Suburbs
MAGPIES",5,W,False
0,11559,10302,"Western Suburbs
MAGPIES",CANTERBURY BANKSTOWN,6,FE,True
0,9785,10302,CANTERBURY BANKSTOWN,"Western Suburbs
MAGPIES",6,FE,False
0,9998,10302,"Western Suburbs
MAGPIES",CANTERBURY BANKSTOWN,7,HB,False
0,10071,10302,CANTERBURY BANKSTOWN,"Western Suburbs
MAGPIES",7,HB,False
0,5840,10302,"Western Suburbs
MAGPIES",CANTERBURY BANKSTOWN,13,L,False
0,11798,10302,CANTERBURY BANKSTOWN,"Western Suburbs
MAGPIES",8,L,False
0,9909,10302,"Western Suburbs
MAGPIES",CANTERBURY BANKSTOWN,12,2R,False
0,9751,10302,CANTERBURY BANKSTOWN,"Western Suburbs
MAGPIES",9,2R,False
0,10079,10302,"Western Suburbs
MAGPIES",CANTERBURY BANKSTOWN,11,2R,False
0,10068,10302,CANTERBURY BANKSTOWN,"Western Suburbs
MAGPIES",11,2R,False
0,9880,10302,"Western Suburbs
MAGPIES",CANTERBURY BANKSTOWN,10,FR,False
0,9752,10302,CANTERBURY BANKSTOWN,"Western Suburbs
MAGPIES",10,FR,False
0,9994,10302,"Western Suburbs
MAGPIES",CANTERBURY BANKSTOWN,9,HK,False
0,9860,10302,CANTERBURY BANKSTOWN,"Western Suburbs
MAGPIES",9,HK,False
0,9988,10302,"Western Suburbs
MAGPIES",CANTERBURY BANKSTOWN,8,FR,False
0,9699,10302,CANTERBURY BANKSTOWN,"Western Suburbs
MAGPIES",8,FR,False
0,9896,10306,CANTERBURY BANKSTOWN,"Balmain
TIGERS",1,FB,True
0,5849,10306,"Balmain
TIGERS",CANTERBURY BANKSTOWN,1,FB,False
0,10043,10306,CANTERBURY BANKSTOWN,"Balmain
TIGERS",2,W,False
0,10063,10306,"Balmain
TIGERS",CANTERBURY BANKSTOWN,2,W,False
0,5839,10306,CANTERBURY BANKSTOWN,"Balmain
TIGERS",3,C,False
0,5845,10306,"Balmain
TIGERS",CANTERBURY BANKSTOWN,3,C,False
0,9968,10306,CANTERBURY BANKSTOWN,"Balmain
TIGERS",4,C,False
0,9872,10306,"Balmain
TIGERS",CANTERBURY BANKSTOWN,4,C,False
0,10052,10306,CANTERBURY BANKSTOWN,"Balmain
TIGERS",5,W,False
0,9783,10306,"Balmain
TIGERS",CANTERBURY BANKSTOWN,5,W,True
0,10071,10306,CANTERBURY BANKSTOWN,"Balmain
TIGERS",6,FE,False
0,10055,10306,"Balmain
TIGERS",CANTERBURY BANKSTOWN,6,FE,False
0,10053,10306,CANTERBURY BANKSTOWN,"Balmain
TIGERS",7,HB,False
0,10020,10306,"Balmain
TIGERS",CANTERBURY BANKSTOWN,7,HB,False
0,9751,10306,CANTERBURY BANKSTOWN,"Balmain
TIGERS",8,L,False
0,9939,10306,"Balmain
TIGERS",CANTERBURY BANKSTOWN,13,L,False
0,9973,10306,CANTERBURY BANKSTOWN,"Balmain
TIGERS",9,2R,False
0,9703,10306,"Balmain
TIGERS",CANTERBURY BANKSTOWN,12,2R,False
0,10068,10306,CANTERBURY BANKSTOWN,"Balmain
TIGERS",11,2R,False
0,10064,10306,"Balmain
TIGERS",CANTERBURY BANKSTOWN,11,2R,False
0,9752,10306,CANTERBURY BANKSTOWN,"Balmain
TIGERS",10,FR,False
0,8136,10306,"Balmain
TIGERS",CANTERBURY BANKSTOWN,10,FR,False
0,9860,10306,CANTERBURY BANKSTOWN,"Balmain
TIGERS",9,HK,False
0,5850,10306,"Balmain
TIGERS",CANTERBURY BANKSTOWN,9,HK,False
0,9628,10306,CANTERBURY BANKSTOWN,"Balmain
TIGERS",13,FR,False
0,9837,10306,"Balmain
TIGERS",CANTERBURY BANKSTOWN,8,FR,False
0,9730,10307,NEWTOWN,EASTERN SUBURBS,1,FB,False
0,10094,10307,EASTERN SUBURBS,NEWTOWN,1,FB,False
0,5829,10307,NEWTOWN,EASTERN SUBURBS,2,W,False
0,10062,10307,EASTERN SUBURBS,NEWTOWN,2,W,False
0,9918,10307,NEWTOWN,EASTERN SUBURBS,3,C,False
0,10032,10307,EASTERN SUBURBS,NEWTOWN,3,C,False
0,5867,10307,NEWTOWN,EASTERN SUBURBS,4,C,False
0,9993,10307,EASTERN SUBURBS,NEWTOWN,4,C,False
0,5819,10307,NEWTOWN,EASTERN SUBURBS,5,W,False
0,10083,10307,EASTERN SUBURBS,NEWTOWN,5,W,False
0,9714,10307,NEWTOWN,EASTERN SUBURBS,6,FE,False
0,5862,10307,EASTERN SUBURBS,NEWTOWN,6,FE,True
0,10060,10307,NEWTOWN,EASTERN SUBURBS,7,HB,False
0,10314,10307,EASTERN SUBURBS,NEWTOWN,7,HB,False
0,10014,10307,NEWTOWN,EASTERN SUBURBS,13,L,False
0,9827,10307,EASTERN SUBURBS,NEWTOWN,8,L,False
0,5838,10307,NEWTOWN,EASTERN SUBURBS,12,2R,False
0,10072,10307,EASTERN SUBURBS,NEWTOWN,12,2R,False
0,9887,10307,NEWTOWN,EASTERN SUBURBS,11,2R,False
0,10082,10307,EASTERN SUBURBS,NEWTOWN,11,2R,False
0,5843,10307,NEWTOWN,EASTERN SUBURBS,10,FR,True
0,10046,10307,EASTERN SUBURBS,NEWTOWN,10,FR,False
0,9997,10307,NEWTOWN,EASTERN SUBURBS,9,HK,False
0,9978,10307,EASTERN SUBURBS,NEWTOWN,9,HK,False
0,9936,10307,NEWTOWN,EASTERN SUBURBS,8,FR,False
0,9742,10307,EASTERN SUBURBS,NEWTOWN,8,FR,False
0,9991,10305,"St George
DRAGONS",NORTH SYDNEY,1,FB,False
0,9653,10305,NORTH SYDNEY,"St George
DRAGONS",1,FB,False
0,10213,10305,"St George
DRAGONS",NORTH SYDNEY,2,W,False
0,13323,10305,NORTH SYDNEY,"St George
DRAGONS",2,W,False
0,10077,10305,"St George
DRAGONS",NORTH SYDNEY,3,C,False
0,12467,10305,NORTH SYDNEY,"St George
DRAGONS",3,C,False
0,10084,10305,"St George
DRAGONS",NORTH SYDNEY,4,C,False
0,9771,10305,NORTH SYDNEY,"St George
DRAGONS",4,C,True
0,9935,10305,"St George
DRAGONS",NORTH SYDNEY,5,W,False
0,5901,10305,NORTH SYDNEY,"St George
DRAGONS",5,W,False
0,49852,10305,"St George
DRAGONS",NORTH SYDNEY,6,FE,False
0,9960,10305,NORTH SYDNEY,"St George
DRAGONS",6,FE,False
0,10027,10305,"St George
DRAGONS",NORTH SYDNEY,7,HB,False
0,10346,10305,NORTH SYDNEY,"St George
DRAGONS",7,HB,False
0,10058,10305,"St George
DRAGONS",NORTH SYDNEY,13,L,False
0,9868,10305,NORTH SYDNEY,"St George
DRAGONS",8,L,False
0,9907,10305,"St George
DRAGONS",NORTH SYDNEY,12,2R,False
0,10081,10305,NORTH SYDNEY,"St George
DRAGONS",9,2R,False
0,10074,10305,"St George
DRAGONS",NORTH SYDNEY,11,2R,False
0,10157,10305,NORTH SYDNEY,"St George
DRAGONS",10,2R,False
0,9644,10305,"St George
DRAGONS",NORTH SYDNEY,10,FR,True
0,9506,10305,NORTH SYDNEY,"St George
DRAGONS",10,FR,False
0,5885,10305,"St George
DRAGONS",NORTH SYDNEY,9,HK,False
0,10010,10305,NORTH SYDNEY,"St George
DRAGONS",9,HK,False
0,13040,10305,"St George
DRAGONS",NORTH SYDNEY,8,FR,False
0,9846,10305,NORTH SYDNEY,"St George
DRAGONS",8,FR,False
0,10073,10304,"South Sydney
RABBITOHS","Western Suburbs
MAGPIES",1,FB,False
0,10038,10304,"Western Suburbs
MAGPIES","South Sydney
RABBITOHS",1,FB,False
0,5581,10304,"South Sydney
RABBITOHS","Western Suburbs
MAGPIES",2,W,False
0,10078,10304,"Western Suburbs
MAGPIES","South Sydney
RABBITOHS",2,W,False
0,10013,10304,"South Sydney
RABBITOHS","Western Suburbs
MAGPIES",3,C,False
0,9889,10304,"Western Suburbs
MAGPIES","South Sydney
RABBITOHS",3,C,False
0,12869,10304,"South Sydney
RABBITOHS","Western Suburbs
MAGPIES",4,C,False
0,10076,10304,"Western Suburbs
MAGPIES","South Sydney
RABBITOHS",4,C,False
0,10066,10304,"South Sydney
RABBITOHS","Western Suburbs
MAGPIES",5,W,False
0,10070,10304,"Western Suburbs
MAGPIES","South Sydney
RABBITOHS",5,W,False
0,5855,10304,"South Sydney
RABBITOHS","Western Suburbs
MAGPIES",6,FE,False
0,11559,10304,"Western Suburbs
MAGPIES","South Sydney
RABBITOHS",6,FE,True
0,10059,10304,"South Sydney
RABBITOHS","Western Suburbs
MAGPIES",7,HB,False
0,9998,10304,"Western Suburbs
MAGPIES","South Sydney
RABBITOHS",7,HB,False
0,9731,10304,"South Sydney
RABBITOHS","Western Suburbs
MAGPIES",13,L,False
0,5840,10304,"Western Suburbs
MAGPIES","South Sydney
RABBITOHS",13,L,False
0,9953,10304,"South Sydney
RABBITOHS","Western Suburbs
MAGPIES",12,2R,False
0,9909,10304,"Western Suburbs
MAGPIES","South Sydney
RABBITOHS",12,2R,False
0,5853,10304,"South Sydney
RABBITOHS","Western Suburbs
MAGPIES",11,2R,False
0,10079,10304,"Western Suburbs
MAGPIES","South Sydney
RABBITOHS",11,2R,False
0,9835,10304,"South Sydney
RABBITOHS","Western Suburbs
MAGPIES",10,FR,True
0,9880,10304,"Western Suburbs
MAGPIES","South Sydney
RABBITOHS",10,FR,False
0,11630,10304,"South Sydney
RABBITOHS","Western Suburbs
MAGPIES",9,HK,False
0,9994,10304,"Western Suburbs
MAGPIES","South Sydney
RABBITOHS",9,HK,False
0,13247,10304,"South Sydney
RABBITOHS","Western Suburbs
MAGPIES",8,FR,False
0,9988,10304,"Western Suburbs
MAGPIES","South Sydney
RABBITOHS",8,FR,False
0,5849,10308,"Balmain
TIGERS","South Sydney
RABBITOHS",1,FB,False
0,12369,10308,"South Sydney
RABBITOHS","Balmain
TIGERS",1,FB,False
0,10063,10308,"Balmain
TIGERS","South Sydney
RABBITOHS",2,W,False
0,5581,10308,"South Sydney
RABBITOHS","Balmain
TIGERS",2,W,False
0,5842,10308,"Balmain
TIGERS","South Sydney
RABBITOHS",3,C,False
0,10013,10308,"South Sydney
RABBITOHS","Balmain
TIGERS",3,C,False
0,9872,10308,"Balmain
TIGERS","South Sydney
RABBITOHS",4,C,False
0,12869,10308,"South Sydney
RABBITOHS","Balmain
TIGERS",4,C,False
0,9783,10308,"Balmain
TIGERS","South Sydney
RABBITOHS",5,W,True
0,10086,10308,"South Sydney
RABBITOHS","Balmain
TIGERS",5,W,False
0,10055,10308,"Balmain
TIGERS","South Sydney
RABBITOHS",6,FE,False
0,5855,10308,"South Sydney
RABBITOHS","Balmain
TIGERS",6,FE,False
0,10020,10308,"Balmain
TIGERS","South Sydney
RABBITOHS",7,HB,False
0,10059,10308,"South Sydney
RABBITOHS","Balmain
TIGERS",7,HB,False
0,9939,10308,"Balmain
TIGERS","South Sydney
RABBITOHS",13,L,False
0,9953,10308,"South Sydney
RABBITOHS","Balmain
TIGERS",8,L,False
0,9703,10308,"Balmain
TIGERS","South Sydney
RABBITOHS",12,2R,False
0,5853,10308,"South Sydney
RABBITOHS","Balmain
TIGERS",9,2R,True
0,10064,10308,"Balmain
TIGERS","South Sydney
RABBITOHS",11,2R,False
0,13247,10308,"South Sydney
RABBITOHS","Balmain
TIGERS",10,2R,False
0,11734,10308,"Balmain
TIGERS","South Sydney
RABBITOHS",11,FR,False
0,13395,10308,"South Sydney
RABBITOHS","Balmain
TIGERS",11,FR,False
0,5850,10308,"Balmain
TIGERS","South Sydney
RABBITOHS",9,HK,False
0,9921,10308,"South Sydney
RABBITOHS","Balmain
TIGERS",12,HK,False
0,9837,10308,"Balmain
TIGERS","South Sydney
RABBITOHS",8,FR,False
0,10123,10308,"South Sydney
RABBITOHS","Balmain
TIGERS",13,FR,False
0,10094,10309,EASTERN SUBURBS,"St George
DRAGONS",1,FB,False
0,9991,10309,"St George
DRAGONS",EASTERN SUBURBS,1,FB,False
0,10062,10309,EASTERN SUBURBS,"St George
DRAGONS",2,W,False
0,10213,10309,"St George
DRAGONS",EASTERN SUBURBS,2,W,False
0,10021,10309,EASTERN SUBURBS,"St George
DRAGONS",3,C,False
0,10077,10309,"St George
DRAGONS",EASTERN SUBURBS,3,C,False
0,9993,10309,EASTERN SUBURBS,"St George
DRAGONS",4,C,False
0,10084,10309,"St George
DRAGONS",EASTERN SUBURBS,4,C,False
0,10083,10309,EASTERN SUBURBS,"St George
DRAGONS",5,W,False
0,9935,10309,"St George
DRAGONS",EASTERN SUBURBS,5,W,False
0,5862,10309,EASTERN SUBURBS,"St George
DRAGONS",6,FE,True
0,49852,10309,"St George
DRAGONS",EASTERN SUBURBS,6,FE,False
0,10314,10309,EASTERN SUBURBS,"St George
DRAGONS",7,HB,False
0,10027,10309,"St George
DRAGONS",EASTERN SUBURBS,7,HB,False
0,9827,10309,EASTERN SUBURBS,"St George
DRAGONS",13,L,False
0,10058,10309,"St George
DRAGONS",EASTERN SUBURBS,13,L,False
0,10072,10309,EASTERN SUBURBS,"St George
DRAGONS",12,2R,False
0,10120,10309,"St George
DRAGONS",EASTERN SUBURBS,9,2R,False
0,10082,10309,EASTERN SUBURBS,"St George
DRAGONS",11,2R,False
0,10074,10309,"St George
DRAGONS",EASTERN SUBURBS,11,2R,False
0,10046,10309,EASTERN SUBURBS,"St George
DRAGONS",10,FR,False
0,9644,10309,"St George
DRAGONS",EASTERN SUBURBS,10,FR,True
0,9978,10309,EASTERN SUBURBS,"St George
DRAGONS",9,HK,False
0,5885,10309,"St George
DRAGONS",EASTERN SUBURBS,9,HK,False
0,9742,10309,EASTERN SUBURBS,"St George
DRAGONS",8,FR,False
0,13040,10309,"St George
DRAGONS",EASTERN SUBURBS,8,FR,False
0,9653,10311,NORTH SYDNEY,CANTERBURY BANKSTOWN,1,FB,False
0,9896,10311,CANTERBURY BANKSTOWN,NORTH SYDNEY,1,FB,True
0,9996,10311,NORTH SYDNEY,CANTERBURY BANKSTOWN,2,W,False
0,10043,10311,CANTERBURY BANKSTOWN,NORTH SYDNEY,2,W,False
0,12467,10311,NORTH SYDNEY,CANTERBURY BANKSTOWN,3,C,False
0,10039,10311,CANTERBURY BANKSTOWN,NORTH SYDNEY,3,C,False
0,9771,10311,NORTH SYDNEY,CANTERBURY BANKSTOWN,4,C,True
0,9968,10311,CANTERBURY BANKSTOWN,NORTH SYDNEY,4,C,False
0,5901,10311,NORTH SYDNEY,CANTERBURY BANKSTOWN,5,W,False
0,10052,10311,CANTERBURY BANKSTOWN,NORTH SYDNEY,5,W,False
0,9960,10311,NORTH SYDNEY,CANTERBURY BANKSTOWN,6,FE,False
0,5839,10311,CANTERBURY BANKSTOWN,NORTH SYDNEY,6,FE,False
0,10346,10311,NORTH SYDNEY,CANTERBURY BANKSTOWN,7,HB,False
0,10071,10311,CANTERBURY BANKSTOWN,NORTH SYDNEY,7,HB,False
0,9868,10311,NORTH SYDNEY,CANTERBURY BANKSTOWN,13,L,False
0,9751,10311,CANTERBURY BANKSTOWN,NORTH SYDNEY,13,L,False
0,10081,10311,NORTH SYDNEY,CANTERBURY BANKSTOWN,12,2R,False
0,9973,10311,CANTERBURY BANKSTOWN,NORTH SYDNEY,12,2R,False
0,10088,10311,NORTH SYDNEY,CANTERBURY BANKSTOWN,10,2R,False
0,10068,10311,CANTERBURY BANKSTOWN,NORTH SYDNEY,11,2R,False
0,9506,10311,NORTH SYDNEY,CANTERBURY BANKSTOWN,10,FR,False
0,9752,10311,CANTERBURY BANKSTOWN,NORTH SYDNEY,10,FR,False
0,10010,10311,NORTH SYDNEY,CANTERBURY BANKSTOWN,9,HK,False
0,9860,10311,CANTERBURY BANKSTOWN,NORTH SYDNEY,9,HK,False
0,9846,10311,NORTH SYDNEY,CANTERBURY BANKSTOWN,8,FR,False
0,9628,10311,CANTERBURY BANKSTOWN,NORTH SYDNEY,8,FR,False
0,10038,10310,"Western Suburbs
MAGPIES",NEWTOWN,1,FB,False
0,9730,10310,NEWTOWN,"Western Suburbs
MAGPIES",1,FB,False
0,10019,10310,"Western Suburbs
MAGPIES",NEWTOWN,2,W,False
0,5829,10310,NEWTOWN,"Western Suburbs
MAGPIES",2,W,False
0,9889,10310,"Western Suburbs
MAGPIES",NEWTOWN,3,C,False
0,9918,10310,NEWTOWN,"Western Suburbs
MAGPIES",3,C,False
0,10076,10310,"Western Suburbs
MAGPIES",NEWTOWN,4,C,False
0,5867,10310,NEWTOWN,"Western Suburbs
MAGPIES",4,C,False
0,10070,10310,"Western Suburbs
MAGPIES",NEWTOWN,5,W,False
0,5819,10310,NEWTOWN,"Western Suburbs
MAGPIES",5,W,False
0,11559,10310,"Western Suburbs
MAGPIES",NEWTOWN,6,FE,True
0,9714,10310,NEWTOWN,"Western Suburbs
MAGPIES",6,FE,False
0,9998,10310,"Western Suburbs
MAGPIES",NEWTOWN,7,HB,False
0,10060,10310,NEWTOWN,"Western Suburbs
MAGPIES",7,HB,False
0,5840,10310,"Western Suburbs
MAGPIES",NEWTOWN,13,L,False
0,10014,10310,NEWTOWN,"Western Suburbs
MAGPIES",13,L,False
0,9909,10310,"Western Suburbs
MAGPIES",NEWTOWN,12,2R,False
0,5838,10310,NEWTOWN,"Western Suburbs
MAGPIES",12,2R,False
0,10079,10310,"Western Suburbs
MAGPIES",NEWTOWN,11,2R,False
0,9887,10310,NEWTOWN,"Western Suburbs
MAGPIES",11,2R,False
0,9880,10310,"Western Suburbs
MAGPIES",NEWTOWN,10,FR,False
0,5843,10310,NEWTOWN,"Western Suburbs
MAGPIES",10,FR,True
0,9994,10310,"Western Suburbs
MAGPIES",NEWTOWN,9,HK,False
0,9997,10310,NEWTOWN,"Western Suburbs
MAGPIES",9,HK,False
0,9988,10310,"Western Suburbs
MAGPIES",NEWTOWN,8,FR,False
0,9936,10310,NEWTOWN,"Western Suburbs
MAGPIES",8,FR,False
0,9896,10312,CANTERBURY BANKSTOWN,EASTERN SUBURBS,1,FB,True
0,10094,10312,EASTERN SUBURBS,CANTERBURY BANKSTOWN,1,FB,False
0,10043,10312,CANTERBURY BANKSTOWN,EASTERN SUBURBS,2,W,False
0,10062,10312,EASTERN SUBURBS,CANTERBURY BANKSTOWN,2,W,False
0,10039,10312,CANTERBURY BANKSTOWN,EASTERN SUBURBS,3,C,False
0,10085,10312,EASTERN SUBURBS,CANTERBURY BANKSTOWN,3,C,False
0,9968,10312,CANTERBURY BANKSTOWN,EASTERN SUBURBS,4,C,False
0,9993,10312,EASTERN SUBURBS,CANTERBURY BANKSTOWN,4,C,False
0,10052,10312,CANTERBURY BANKSTOWN,EASTERN SUBURBS,5,W,False
0,10021,10312,EASTERN SUBURBS,CANTERBURY BANKSTOWN,5,W,False
0,5839,10312,CANTERBURY BANKSTOWN,EASTERN SUBURBS,6,FE,False
0,5862,10312,EASTERN SUBURBS,CANTERBURY BANKSTOWN,6,FE,True
0,10071,10312,CANTERBURY BANKSTOWN,EASTERN SUBURBS,7,HB,False
0,10314,10312,EASTERN SUBURBS,CANTERBURY BANKSTOWN,7,HB,False
0,9751,10312,CANTERBURY BANKSTOWN,EASTERN SUBURBS,13,L,False
0,9827,10312,EASTERN SUBURBS,CANTERBURY BANKSTOWN,13,L,False
0,9973,10312,CANTERBURY BANKSTOWN,EASTERN SUBURBS,12,2R,False
0,10072,10312,EASTERN SUBURBS,CANTERBURY BANKSTOWN,12,2R,False
0,10068,10312,CANTERBURY BANKSTOWN,EASTERN SUBURBS,11,2R,False
0,10082,10312,EASTERN SUBURBS,CANTERBURY BANKSTOWN,11,2R,False
0,9699,10312,CANTERBURY BANKSTOWN,EASTERN SUBURBS,11,FR,False
0,10046,10312,EASTERN SUBURBS,CANTERBURY BANKSTOWN,10,FR,False
0,9860,10312,CANTERBURY BANKSTOWN,EASTERN SUBURBS,9,HK,False
0,9978,10312,EASTERN SUBURBS,CANTERBURY BANKSTOWN,9,HK,False
0,9628,10312,CANTERBURY BANKSTOWN,EASTERN SUBURBS,8,FR,False
0,9742,10312,EASTERN SUBURBS,CANTERBURY BANKSTOWN,8,FR,False
0,9991,10313,"St George
DRAGONS",NEWTOWN,1,FB,False
0,9730,10313,NEWTOWN,"St George
DRAGONS",1,FB,False
0,10213,10313,"St George
DRAGONS",NEWTOWN,2,W,False
0,5829,10313,NEWTOWN,"St George
DRAGONS",2,W,False
0,10077,10313,"St George
DRAGONS",NEWTOWN,3,C,False
0,9986,10313,NEWTOWN,"St George
DRAGONS",3,C,False
0,10084,10313,"St George
DRAGONS",NEWTOWN,4,C,False
0,5867,10313,NEWTOWN,"St George
DRAGONS",4,C,False
0,9935,10313,"St George
DRAGONS",NEWTOWN,5,W,False
0,5819,10313,NEWTOWN,"St George
DRAGONS",5,W,False
0,49852,10313,"St George
DRAGONS",NEWTOWN,6,FE,False
0,9867,10313,NEWTOWN,"St George
DRAGONS",6,FE,False
0,10027,10313,"St George
DRAGONS",NEWTOWN,7,HB,False
0,9714,10313,NEWTOWN,"St George
DRAGONS",7,HB,False
0,10058,10313,"St George
DRAGONS",NEWTOWN,13,L,False
0,10014,10313,NEWTOWN,"St George
DRAGONS",13,L,False
0,9907,10313,"St George
DRAGONS",NEWTOWN,9,2R,False
0,5838,10313,NEWTOWN,"St George
DRAGONS",12,2R,False
0,10074,10313,"St George
DRAGONS",NEWTOWN,11,2R,False
0,9887,10313,NEWTOWN,"St George
DRAGONS",11,2R,False
0,9644,10313,"St George
DRAGONS",NEWTOWN,10,FR,True
0,5843,10313,NEWTOWN,"St George
DRAGONS",10,FR,True
0,5885,10313,"St George
DRAGONS",NEWTOWN,9,HK,False
0,9997,10313,NEWTOWN,"St George
DRAGONS",9,HK,False
0,13040,10313,"St George
DRAGONS",NEWTOWN,8,FR,False
0,9936,10313,NEWTOWN,"St George
DRAGONS",8,FR,False
0,12369,10314,"South Sydney
RABBITOHS",NORTH SYDNEY,1,FB,False
0,9653,10314,NORTH SYDNEY,"South Sydney
RABBITOHS",1,FB,False
0,5581,10314,"South Sydney
RABBITOHS",NORTH SYDNEY,2,W,False
0,9996,10314,NORTH SYDNEY,"South Sydney
RABBITOHS",2,W,False
0,9902,10314,"South Sydney
RABBITOHS",NORTH SYDNEY,3,C,False
0,10106,10314,NORTH SYDNEY,"South Sydney
RABBITOHS",3,C,False
0,12869,10314,"South Sydney
RABBITOHS",NORTH SYDNEY,4,C,False
0,9771,10314,NORTH SYDNEY,"South Sydney
RABBITOHS",4,C,True
0,10086,10314,"South Sydney
RABBITOHS",NORTH SYDNEY,5,W,False
0,9795,10314,NORTH SYDNEY,"South Sydney
RABBITOHS",5,W,False
0,5855,10314,"South Sydney
RABBITOHS",NORTH SYDNEY,6,FE,False
0,10087,10314,NORTH SYDNEY,"South Sydney
RABBITOHS",6,FE,False
0,10059,10314,"South Sydney
RABBITOHS",NORTH SYDNEY,7,HB,False
0,10346,10314,NORTH SYDNEY,"South Sydney
RABBITOHS",7,HB,False
0,5884,10314,"South Sydney
RABBITOHS",NORTH SYDNEY,8,L,False
0,9945,10314,NORTH SYDNEY,"South Sydney
RABBITOHS",8,L,False
0,5853,10314,"South Sydney
RABBITOHS",NORTH SYDNEY,12,2R,False
0,10081,10314,NORTH SYDNEY,"South Sydney
RABBITOHS",12,2R,False
0,13247,10314,"South Sydney
RABBITOHS",NORTH SYDNEY,11,2R,False
0,9868,10314,NORTH SYDNEY,"South Sydney
RABBITOHS",10,2R,False
0,9835,10314,"South Sydney
RABBITOHS",NORTH SYDNEY,11,FR,True
0,9506,10314,NORTH SYDNEY,"South Sydney
RABBITOHS",10,FR,False
0,9921,10314,"South Sydney
RABBITOHS",NORTH SYDNEY,9,HK,False
0,10010,10314,NORTH SYDNEY,"South Sydney
RABBITOHS",9,HK,False
0,9953,10314,"South Sydney
RABBITOHS",NORTH SYDNEY,13,FR,False
0,9846,10314,NORTH SYDNEY,"South Sydney
RABBITOHS",8,FR,False
0,10038,10315,"Western Suburbs
MAGPIES","Balmain
TIGERS",1,FB,False
0,5849,10315,"Balmain
TIGERS","Western Suburbs
MAGPIES",1,FB,False
0,9210,10315,"Western Suburbs
MAGPIES","Balmain
TIGERS",2,W,False
0,10063,10315,"Balmain
TIGERS","Western Suburbs
MAGPIES",2,W,False
0,9889,10315,"Western Suburbs
MAGPIES","Balmain
TIGERS",3,C,False
0,5842,10315,"Balmain
TIGERS","Western Suburbs
MAGPIES",3,C,False
0,10078,10315,"Western Suburbs
MAGPIES","Balmain
TIGERS",4,C,False
0,9872,10315,"Balmain
TIGERS","Western Suburbs
MAGPIES",4,C,False
0,10070,10315,"Western Suburbs
MAGPIES","Balmain
TIGERS",5,W,False
0,9783,10315,"Balmain
TIGERS","Western Suburbs
MAGPIES",5,W,True
0,10033,10315,"Western Suburbs
MAGPIES","Balmain
TIGERS",6,FE,False
0,10055,10315,"Balmain
TIGERS","Western Suburbs
MAGPIES",6,FE,False
0,9998,10315,"Western Suburbs
MAGPIES","Balmain
TIGERS",7,HB,True
0,10020,10315,"Balmain
TIGERS","Western Suburbs
MAGPIES",7,HB,False
0,5840,10315,"Western Suburbs
MAGPIES","Balmain
TIGERS",13,L,False
0,9939,10315,"Balmain
TIGERS","Western Suburbs
MAGPIES",13,L,False
0,9909,10315,"Western Suburbs
MAGPIES","Balmain
TIGERS",12,2R,False
0,9703,10315,"Balmain
TIGERS","Western Suburbs
MAGPIES",12,2R,False
0,12033,10315,"Western Suburbs
MAGPIES","Balmain
TIGERS",10,2R,False
0,10064,10315,"Balmain
TIGERS","Western Suburbs
MAGPIES",11,2R,False
0,9952,10315,"Western Suburbs
MAGPIES","Balmain
TIGERS",11,FR,False
0,11734,10315,"Balmain
TIGERS","Western Suburbs
MAGPIES",10,FR,False
0,9994,10315,"Western Suburbs
MAGPIES","Balmain
TIGERS",9,HK,False
0,5850,10315,"Balmain
TIGERS","Western Suburbs
MAGPIES",9,HK,False
0,11782,10315,"Western Suburbs
MAGPIES","Balmain
TIGERS",13,FR,False
0,9837,10315,"Balmain
TIGERS","Western Suburbs
MAGPIES",8,FR,False
0,5849,10317,"Balmain
TIGERS",NEWTOWN,1,FB,False
0,9730,10317,NEWTOWN,"Balmain
TIGERS",1,FB,False
0,10063,10317,"Balmain
TIGERS",NEWTOWN,2,W,False
0,9986,10317,NEWTOWN,"Balmain
TIGERS",2,W,False
0,5842,10317,"Balmain
TIGERS",NEWTOWN,3,C,False
0,9918,10317,NEWTOWN,"Balmain
TIGERS",3,C,False
0,9872,10317,"Balmain
TIGERS",NEWTOWN,4,C,False
0,5867,10317,NEWTOWN,"Balmain
TIGERS",4,C,False
0,9783,10317,"Balmain
TIGERS",NEWTOWN,5,W,True
0,5819,10317,NEWTOWN,"Balmain
TIGERS",5,W,False
0,10055,10317,"Balmain
TIGERS",NEWTOWN,6,FE,False
0,9867,10317,NEWTOWN,"Balmain
TIGERS",6,FE,False
0,10020,10317,"Balmain
TIGERS",NEWTOWN,7,HB,False
0,9714,10317,NEWTOWN,"Balmain
TIGERS",7,HB,False
0,9939,10317,"Balmain
TIGERS",NEWTOWN,13,L,False
0,10014,10317,NEWTOWN,"Balmain
TIGERS",13,L,False
0,9703,10317,"Balmain
TIGERS",NEWTOWN,12,2R,False
0,9877,10317,NEWTOWN,"Balmain
TIGERS",9,2R,False
0,10064,10317,"Balmain
TIGERS",NEWTOWN,11,2R,False
0,10089,10317,NEWTOWN,"Balmain
TIGERS",10,2R,False
0,11734,10317,"Balmain
TIGERS",NEWTOWN,10,FR,False
0,5843,10317,NEWTOWN,"Balmain
TIGERS",10,FR,True
0,5850,10317,"Balmain
TIGERS",NEWTOWN,9,HK,False
0,9997,10317,NEWTOWN,"Balmain
TIGERS",9,HK,False
0,9837,10317,"Balmain
TIGERS",NEWTOWN,8,FR,False
0,9936,10317,NEWTOWN,"Balmain
TIGERS",8,FR,False
0,9896,10318,CANTERBURY BANKSTOWN,"St George
DRAGONS",1,FB,True
0,9991,10318,"St George
DRAGONS",CANTERBURY BANKSTOWN,1,FB,False
0,10043,10318,CANTERBURY BANKSTOWN,"St George
DRAGONS",2,W,False
0,10213,10318,"St George
DRAGONS",CANTERBURY BANKSTOWN,2,W,False
0,10039,10318,CANTERBURY BANKSTOWN,"St George
DRAGONS",3,C,False
0,10077,10318,"St George
DRAGONS",CANTERBURY BANKSTOWN,3,C,False
0,10065,10318,CANTERBURY BANKSTOWN,"St George
DRAGONS",4,C,False
0,10084,10318,"St George
DRAGONS",CANTERBURY BANKSTOWN,4,C,False
0,10052,10318,CANTERBURY BANKSTOWN,"St George
DRAGONS",5,W,False
0,9935,10318,"St George
DRAGONS",CANTERBURY BANKSTOWN,5,W,False
0,5839,10318,CANTERBURY BANKSTOWN,"St George
DRAGONS",6,FE,False
0,49852,10318,"St George
DRAGONS",CANTERBURY BANKSTOWN,6,FE,False
0,10071,10318,CANTERBURY BANKSTOWN,"St George
DRAGONS",7,HB,False
0,10027,10318,"St George
DRAGONS",CANTERBURY BANKSTOWN,7,HB,False
0,9751,10318,CANTERBURY BANKSTOWN,"St George
DRAGONS",13,L,False
0,10058,10318,"St George
DRAGONS",CANTERBURY BANKSTOWN,13,L,False
0,9973,10318,CANTERBURY BANKSTOWN,"St George
DRAGONS",12,2R,False
0,9907,10318,"St George
DRAGONS",CANTERBURY BANKSTOWN,12,2R,False
0,10068,10318,CANTERBURY BANKSTOWN,"St George
DRAGONS",11,2R,False
0,10074,10318,"St George
DRAGONS",CANTERBURY BANKSTOWN,11,2R,False
0,9699,10318,CANTERBURY BANKSTOWN,"St George
DRAGONS",10,FR,False
0,9644,10318,"St George
DRAGONS",CANTERBURY BANKSTOWN,10,FR,True
0,9860,10318,CANTERBURY BANKSTOWN,"St George
DRAGONS",9,HK,False
0,5885,10318,"St George
DRAGONS",CANTERBURY BANKSTOWN,9,HK,False
0,9628,10318,CANTERBURY BANKSTOWN,"St George
DRAGONS",8,FR,False
0,13040,10318,"St George
DRAGONS",CANTERBURY BANKSTOWN,8,FR,False
0,9653,10316,NORTH SYDNEY,"Western Suburbs
MAGPIES",1,FB,False
0,10038,10316,"Western Suburbs
MAGPIES",NORTH SYDNEY,1,FB,False
0,5901,10316,NORTH SYDNEY,"Western Suburbs
MAGPIES",2,W,False
0,9889,10316,"Western Suburbs
MAGPIES",NORTH SYDNEY,2,W,False
0,10346,10316,NORTH SYDNEY,"Western Suburbs
MAGPIES",3,C,False
0,12557,10316,"Western Suburbs
MAGPIES",NORTH SYDNEY,3,C,False
0,9771,10316,NORTH SYDNEY,"Western Suburbs
MAGPIES",4,C,True
0,10033,10316,"Western Suburbs
MAGPIES",NORTH SYDNEY,4,C,False
0,9795,10316,NORTH SYDNEY,"Western Suburbs
MAGPIES",5,W,False
0,10070,10316,"Western Suburbs
MAGPIES",NORTH SYDNEY,5,W,False
0,9960,10316,NORTH SYDNEY,"Western Suburbs
MAGPIES",6,FE,False
0,10076,10316,"Western Suburbs
MAGPIES",NORTH SYDNEY,6,FE,False
0,10087,10316,NORTH SYDNEY,"Western Suburbs
MAGPIES",7,HB,False
0,9998,10316,"Western Suburbs
MAGPIES",NORTH SYDNEY,7,HB,True
0,9945,10316,NORTH SYDNEY,"Western Suburbs
MAGPIES",13,L,False
0,5840,10316,"Western Suburbs
MAGPIES",NORTH SYDNEY,13,L,False
0,10179,10316,NORTH SYDNEY,"Western Suburbs
MAGPIES",9,2R,False
0,9909,10316,"Western Suburbs
MAGPIES",NORTH SYDNEY,12,2R,False
0,9868,10316,NORTH SYDNEY,"Western Suburbs
MAGPIES",11,2R,False
0,11985,10316,"Western Suburbs
MAGPIES",NORTH SYDNEY,10,2R,False
0,10088,10316,NORTH SYDNEY,"Western Suburbs
MAGPIES",11,FR,False
0,12941,10316,"Western Suburbs
MAGPIES",NORTH SYDNEY,11,FR,False
0,10010,10316,NORTH SYDNEY,"Western Suburbs
MAGPIES",9,HK,False
0,9994,10316,"Western Suburbs
MAGPIES",NORTH SYDNEY,9,HK,False
0,9846,10316,NORTH SYDNEY,"Western Suburbs
MAGPIES",8,FR,False
0,12033,10316,"Western Suburbs
MAGPIES",NORTH SYDNEY,13,FR,False
0,10073,10319,"South Sydney
RABBITOHS",EASTERN SUBURBS,1,FB,False
0,10094,10319,EASTERN SUBURBS,"South Sydney
RABBITOHS",1,FB,False
0,5581,10319,"South Sydney
RABBITOHS",EASTERN SUBURBS,2,W,False
0,10062,10319,EASTERN SUBURBS,"South Sydney
RABBITOHS",2,W,False
0,9902,10319,"South Sydney
RABBITOHS",EASTERN SUBURBS,3,C,False
0,10085,10319,EASTERN SUBURBS,"South Sydney
RABBITOHS",3,C,False
0,12869,10319,"South Sydney
RABBITOHS",EASTERN SUBURBS,4,C,False
0,10090,10319,EASTERN SUBURBS,"South Sydney
RABBITOHS",4,C,False
0,10086,10319,"South Sydney
RABBITOHS",EASTERN SUBURBS,5,W,False
0,9993,10319,EASTERN SUBURBS,"South Sydney
RABBITOHS",5,W,False
0,5855,10319,"South Sydney
RABBITOHS",EASTERN SUBURBS,6,FE,False
0,5862,10319,EASTERN SUBURBS,"South Sydney
RABBITOHS",6,FE,True
0,10059,10319,"South Sydney
RABBITOHS",EASTERN SUBURBS,7,HB,False
0,10314,10319,EASTERN SUBURBS,"South Sydney
RABBITOHS",7,HB,False
0,5884,10319,"South Sydney
RABBITOHS",EASTERN SUBURBS,13,L,False
0,9827,10319,EASTERN SUBURBS,"South Sydney
RABBITOHS",13,L,False
0,5853,10319,"South Sydney
RABBITOHS",EASTERN SUBURBS,12,2R,False
0,10072,10319,EASTERN SUBURBS,"South Sydney
RABBITOHS",12,2R,False
0,13395,10319,"South Sydney
RABBITOHS",EASTERN SUBURBS,10,2R,False
0,10082,10319,EASTERN SUBURBS,"South Sydney
RABBITOHS",11,2R,False
0,9835,10319,"South Sydney
RABBITOHS",EASTERN SUBURBS,10,FR,True
0,10046,10319,EASTERN SUBURBS,"South Sydney
RABBITOHS",10,FR,False
0,9921,10319,"South Sydney
RABBITOHS",EASTERN SUBURBS,9,HK,False
0,9978,10319,EASTERN SUBURBS,"South Sydney
RABBITOHS",9,HK,False
0,13247,10319,"South Sydney
RABBITOHS",EASTERN SUBURBS,13,FR,False
0,9742,10319,EASTERN SUBURBS,"South Sydney
RABBITOHS",8,FR,False
0,9896,10322,CANTERBURY BANKSTOWN,"South Sydney
RABBITOHS",1,FB,True
0,10073,10322,"South Sydney
RABBITOHS",CANTERBURY BANKSTOWN,1,FB,False
0,10043,10322,CANTERBURY BANKSTOWN,"South Sydney
RABBITOHS",2,W,False
0,9897,10322,"South Sydney
RABBITOHS",CANTERBURY BANKSTOWN,2,W,False
0,10039,10322,CANTERBURY BANKSTOWN,"South Sydney
RABBITOHS",3,C,False
0,10086,10322,"South Sydney
RABBITOHS",CANTERBURY BANKSTOWN,3,C,False
0,10065,10322,CANTERBURY BANKSTOWN,"South Sydney
RABBITOHS",4,C,False
0,12869,10322,"South Sydney
RABBITOHS",CANTERBURY BANKSTOWN,4,C,False
0,10052,10322,CANTERBURY BANKSTOWN,"South Sydney
RABBITOHS",5,W,False
0,10066,10322,"South Sydney
RABBITOHS",CANTERBURY BANKSTOWN,5,W,False
0,5839,10322,CANTERBURY BANKSTOWN,"South Sydney
RABBITOHS",6,FE,False
0,5855,10322,"South Sydney
RABBITOHS",CANTERBURY BANKSTOWN,6,FE,False
0,10071,10322,CANTERBURY BANKSTOWN,"South Sydney
RABBITOHS",7,HB,False
0,5884,10322,"South Sydney
RABBITOHS",CANTERBURY BANKSTOWN,7,HB,False
0,9751,10322,CANTERBURY BANKSTOWN,"South Sydney
RABBITOHS",13,L,False
0,10123,10322,"South Sydney
RABBITOHS",CANTERBURY BANKSTOWN,8,L,False
0,9973,10322,CANTERBURY BANKSTOWN,"South Sydney
RABBITOHS",12,2R,False
0,5853,10322,"South Sydney
RABBITOHS",CANTERBURY BANKSTOWN,12,2R,True
0,10068,10322,CANTERBURY BANKSTOWN,"South Sydney
RABBITOHS",11,2R,False
0,13257,10322,"South Sydney
RABBITOHS",CANTERBURY BANKSTOWN,10,2R,False
0,9699,10322,CANTERBURY BANKSTOWN,"South Sydney
RABBITOHS",10,FR,False
0,10127,10322,"South Sydney
RABBITOHS",CANTERBURY BANKSTOWN,11,FR,False
0,9860,10322,CANTERBURY BANKSTOWN,"South Sydney
RABBITOHS",9,HK,False
0,9947,10322,"South Sydney
RABBITOHS",CANTERBURY BANKSTOWN,12,HK,False
0,9628,10322,CANTERBURY BANKSTOWN,"South Sydney
RABBITOHS",8,FR,False
0,13247,10322,"South Sydney
RABBITOHS",CANTERBURY BANKSTOWN,8,FR,False
0,10042,10323,EASTERN SUBURBS,"Balmain
TIGERS",1,FB,False
0,5849,10323,"Balmain
TIGERS",EASTERN SUBURBS,1,FB,False
0,10062,10323,EASTERN SUBURBS,"Balmain
TIGERS",2,W,False
0,10063,10323,"Balmain
TIGERS",EASTERN SUBURBS,2,W,False
0,10085,10323,EASTERN SUBURBS,"Balmain
TIGERS",3,C,False
0,9811,10323,"Balmain
TIGERS",EASTERN SUBURBS,3,C,False
0,10021,10323,EASTERN SUBURBS,"Balmain
TIGERS",4,C,False
0,9872,10323,"Balmain
TIGERS",EASTERN SUBURBS,4,C,False
0,9993,10323,EASTERN SUBURBS,"Balmain
TIGERS",5,W,False
0,9783,10323,"Balmain
TIGERS",EASTERN SUBURBS,5,W,True
0,5862,10323,EASTERN SUBURBS,"Balmain
TIGERS",6,FE,True
0,10055,10323,"Balmain
TIGERS",EASTERN SUBURBS,6,FE,False
0,10314,10323,EASTERN SUBURBS,"Balmain
TIGERS",7,HB,False
0,10020,10323,"Balmain
TIGERS",EASTERN SUBURBS,7,HB,False
0,9827,10323,EASTERN SUBURBS,"Balmain
TIGERS",13,L,False
0,9939,10323,"Balmain
TIGERS",EASTERN SUBURBS,13,L,False
0,10072,10323,EASTERN SUBURBS,"Balmain
TIGERS",12,2R,False
0,9703,10323,"Balmain
TIGERS",EASTERN SUBURBS,12,2R,False
0,10082,10323,EASTERN SUBURBS,"Balmain
TIGERS",11,2R,False
0,10064,10323,"Balmain
TIGERS",EASTERN SUBURBS,11,2R,False
0,10046,10323,EASTERN SUBURBS,"Balmain
TIGERS",10,FR,False
0,11734,10323,"Balmain
TIGERS",EASTERN SUBURBS,10,FR,False
0,9978,10323,EASTERN SUBURBS,"Balmain
TIGERS",9,HK,False
0,5850,10323,"Balmain
TIGERS",EASTERN SUBURBS,9,HK,False
0,13181,10323,EASTERN SUBURBS,"Balmain
TIGERS",13,FR,False
0,9837,10323,"Balmain
TIGERS",EASTERN SUBURBS,8,FR,False
0,9730,10320,NEWTOWN,NORTH SYDNEY,1,FB,False
0,9653,10320,NORTH SYDNEY,NEWTOWN,1,FB,False
0,9986,10320,NEWTOWN,NORTH SYDNEY,2,W,False
0,5901,10320,NORTH SYDNEY,NEWTOWN,2,W,False
0,9918,10320,NEWTOWN,NORTH SYDNEY,3,C,False
0,11471,10320,NORTH SYDNEY,NEWTOWN,3,C,False
0,5829,10320,NEWTOWN,NORTH SYDNEY,4,C,False
0,9771,10320,NORTH SYDNEY,NEWTOWN,4,C,True
0,5819,10320,NEWTOWN,NORTH SYDNEY,5,W,False
0,13323,10320,NORTH SYDNEY,NEWTOWN,5,W,False
0,9867,10320,NEWTOWN,NORTH SYDNEY,6,FE,False
0,9996,10320,NORTH SYDNEY,NEWTOWN,6,FE,False
0,9714,10320,NEWTOWN,NORTH SYDNEY,7,HB,False
0,9960,10320,NORTH SYDNEY,NEWTOWN,7,HB,False
0,9941,10320,NEWTOWN,NORTH SYDNEY,8,L,False
0,10125,10320,NORTH SYDNEY,NEWTOWN,8,L,False
0,5838,10320,NEWTOWN,NORTH SYDNEY,9,2R,False
0,10081,10320,NORTH SYDNEY,NEWTOWN,9,2R,False
0,9887,10320,NEWTOWN,NORTH SYDNEY,10,2R,False
0,9868,10320,NORTH SYDNEY,NEWTOWN,11,2R,False
0,5843,10320,NEWTOWN,NORTH SYDNEY,10,FR,True
0,12067,10320,NORTH SYDNEY,NEWTOWN,11,FR,False
0,9997,10320,NEWTOWN,NORTH SYDNEY,9,HK,False
0,10010,10320,NORTH SYDNEY,NEWTOWN,9,HK,False
0,9936,10320,NEWTOWN,NORTH SYDNEY,8,FR,False
0,9846,10320,NORTH SYDNEY,NEWTOWN,8,FR,False
0,9991,10321,"St George
DRAGONS","Western Suburbs
MAGPIES",1,FB,False
0,10038,10321,"Western Suburbs
MAGPIES","St George
DRAGONS",1,FB,False
0,10213,10321,"St George
DRAGONS","Western Suburbs
MAGPIES",2,W,False
0,9889,10321,"Western Suburbs
MAGPIES","St George
DRAGONS",2,W,False
0,10077,10321,"St George
DRAGONS","Western Suburbs
MAGPIES",3,C,False
0,11559,10321,"Western Suburbs
MAGPIES","St George
DRAGONS",3,C,False
0,10084,10321,"St George
DRAGONS","Western Suburbs
MAGPIES",4,C,False
0,10033,10321,"Western Suburbs
MAGPIES","St George
DRAGONS",4,C,False
0,9935,10321,"St George
DRAGONS","Western Suburbs
MAGPIES",5,W,False
0,10070,10321,"Western Suburbs
MAGPIES","St George
DRAGONS",5,W,False
0,49852,10321,"St George
DRAGONS","Western Suburbs
MAGPIES",6,FE,False
0,10076,10321,"Western Suburbs
MAGPIES","St George
DRAGONS",6,FE,False
0,10027,10321,"St George
DRAGONS","Western Suburbs
MAGPIES",7,HB,False
0,9998,10321,"Western Suburbs
MAGPIES","St George
DRAGONS",7,HB,True
0,10058,10321,"St George
DRAGONS","Western Suburbs
MAGPIES",13,L,False
0,5840,10321,"Western Suburbs
MAGPIES","St George
DRAGONS",13,L,False
0,9907,10321,"St George
DRAGONS","Western Suburbs
MAGPIES",12,2R,False
0,9909,10321,"Western Suburbs
MAGPIES","St George
DRAGONS",12,2R,False
0,10074,10321,"St George
DRAGONS","Western Suburbs
MAGPIES",11,2R,False
0,10079,10321,"Western Suburbs
MAGPIES","St George
DRAGONS",10,2R,False
0,9644,10321,"St George
DRAGONS","Western Suburbs
MAGPIES",10,FR,True
0,12941,10321,"Western Suburbs
MAGPIES","St George
DRAGONS",11,FR,False
0,5885,10321,"St George
DRAGONS","Western Suburbs
MAGPIES",9,HK,False
0,9994,10321,"Western Suburbs
MAGPIES","St George
DRAGONS",9,HK,False
0,13040,10321,"St George
DRAGONS","Western Suburbs
MAGPIES",8,FR,False
0,12033,10321,"Western Suburbs
MAGPIES","St George
DRAGONS",8,FR,False
0,9730,10324,NEWTOWN,"St George
DRAGONS",1,FB,False
0,9991,10324,"St George
DRAGONS",NEWTOWN,1,FB,False
0,5819,10324,NEWTOWN,"St George
DRAGONS",2,W,False
0,9935,10324,"St George
DRAGONS",NEWTOWN,2,W,False
0,5867,10324,NEWTOWN,"St George
DRAGONS",3,C,False
0,10077,10324,"St George
DRAGONS",NEWTOWN,3,C,False
0,9918,10324,NEWTOWN,"St George
DRAGONS",4,C,False
0,10084,10324,"St George
DRAGONS",NEWTOWN,4,C,False
0,9986,10324,NEWTOWN,"St George
DRAGONS",5,W,False
0,10213,10324,"St George
DRAGONS",NEWTOWN,5,W,False
0,9714,10324,NEWTOWN,"St George
DRAGONS",6,FE,False
0,49852,10324,"St George
DRAGONS",NEWTOWN,6,FE,False
0,9867,10324,NEWTOWN,"St George
DRAGONS",7,HB,False
0,10027,10324,"St George
DRAGONS",NEWTOWN,7,HB,False
0,9941,10324,NEWTOWN,"St George
DRAGONS",8,L,False
0,10058,10324,"St George
DRAGONS",NEWTOWN,8,L,False
0,5838,10324,NEWTOWN,"St George
DRAGONS",9,2R,False
0,10074,10324,"St George
DRAGONS",NEWTOWN,9,2R,False
0,9887,10324,NEWTOWN,"St George
DRAGONS",10,2R,False
0,9644,10324,"St George
DRAGONS",NEWTOWN,10,2R,True
0,5843,10324,NEWTOWN,"St George
DRAGONS",11,FR,True
0,13040,10324,"St George
DRAGONS",NEWTOWN,11,FR,False
0,9997,10324,NEWTOWN,"St George
DRAGONS",12,HK,False
0,5885,10324,"St George
DRAGONS",NEWTOWN,12,HK,False
0,9936,10324,NEWTOWN,"St George
DRAGONS",13,FR,False
0,9907,10324,"St George
DRAGONS",NEWTOWN,13,FR,False
0,5849,10325,"Balmain
TIGERS","South Sydney
RABBITOHS",1,FB,False
0,10073,10325,"South Sydney
RABBITOHS","Balmain
TIGERS",1,FB,False
0,9783,10325,"Balmain
TIGERS","South Sydney
RABBITOHS",2,W,True
0,5581,10325,"South Sydney
RABBITOHS","Balmain
TIGERS",2,W,False
0,5845,10325,"Balmain
TIGERS","South Sydney
RABBITOHS",3,C,False
0,12869,10325,"South Sydney
RABBITOHS","Balmain
TIGERS",3,C,False
0,9872,10325,"Balmain
TIGERS","South Sydney
RABBITOHS",4,C,False
0,10086,10325,"South Sydney
RABBITOHS","Balmain
TIGERS",4,C,False
0,10020,10325,"Balmain
TIGERS","South Sydney
RABBITOHS",5,W,False
0,9902,10325,"South Sydney
RABBITOHS","Balmain
TIGERS",5,W,False
0,10055,10325,"Balmain
TIGERS","South Sydney
RABBITOHS",6,FE,False
0,5855,10325,"South Sydney
RABBITOHS","Balmain
TIGERS",6,FE,False
0,5842,10325,"Balmain
TIGERS","South Sydney
RABBITOHS",7,HB,False
0,5884,10325,"South Sydney
RABBITOHS","Balmain
TIGERS",7,HB,False
0,9939,10325,"Balmain
TIGERS","South Sydney
RABBITOHS",8,L,False
0,10059,10325,"South Sydney
RABBITOHS","Balmain
TIGERS",8,L,False
0,10064,10325,"Balmain
TIGERS","South Sydney
RABBITOHS",9,2R,False
0,13247,10325,"South Sydney
RABBITOHS","Balmain
TIGERS",9,2R,False
0,9703,10325,"Balmain
TIGERS","South Sydney
RABBITOHS",10,2R,False
0,5853,10325,"South Sydney
RABBITOHS","Balmain
TIGERS",10,2R,False
0,11734,10325,"Balmain
TIGERS","South Sydney
RABBITOHS",11,FR,False
0,9835,10325,"South Sydney
RABBITOHS","Balmain
TIGERS",11,FR,True
0,5850,10325,"Balmain
TIGERS","South Sydney
RABBITOHS",12,HK,False
0,12938,10325,"South Sydney
RABBITOHS","Balmain
TIGERS",12,HK,False
0,9837,10325,"Balmain
TIGERS","South Sydney
RABBITOHS",13,FR,False
0,9947,10325,"South Sydney
RABBITOHS","Balmain
TIGERS",13,FR,False
0,5849,10326,"Balmain
TIGERS",NEWTOWN,1,FB,False
0,9730,10326,NEWTOWN,"Balmain
TIGERS",1,FB,False
0,9783,10326,"Balmain
TIGERS",NEWTOWN,2,W,True
0,5819,10326,NEWTOWN,"Balmain
TIGERS",2,W,False
0,5845,10326,"Balmain
TIGERS",NEWTOWN,3,C,False
0,5867,10326,NEWTOWN,"Balmain
TIGERS",3,C,False
0,9872,10326,"Balmain
TIGERS",NEWTOWN,4,C,False
0,9918,10326,NEWTOWN,"Balmain
TIGERS",4,C,False
0,10063,10326,"Balmain
TIGERS",NEWTOWN,5,W,False
0,9986,10326,NEWTOWN,"Balmain
TIGERS",5,W,False
0,10055,10326,"Balmain
TIGERS",NEWTOWN,6,FE,False
0,9714,10326,NEWTOWN,"Balmain
TIGERS",6,FE,False
0,5842,10326,"Balmain
TIGERS",NEWTOWN,7,HB,False
0,9867,10326,NEWTOWN,"Balmain
TIGERS",7,HB,False
0,9939,10326,"Balmain
TIGERS",NEWTOWN,8,L,False
0,9941,10326,NEWTOWN,"Balmain
TIGERS",8,L,False
0,10064,10326,"Balmain
TIGERS",NEWTOWN,9,2R,False
0,10089,10326,NEWTOWN,"Balmain
TIGERS",9,2R,False
0,9703,10326,"Balmain
TIGERS",NEWTOWN,10,2R,False
0,9887,10326,NEWTOWN,"Balmain
TIGERS",10,2R,False
0,11734,10326,"Balmain
TIGERS",NEWTOWN,11,FR,False
0,9936,10326,NEWTOWN,"Balmain
TIGERS",11,FR,False
0,5850,10326,"Balmain
TIGERS",NEWTOWN,12,HK,False
0,9997,10326,NEWTOWN,"Balmain
TIGERS",12,HK,False
0,9837,10326,"Balmain
TIGERS",NEWTOWN,13,FR,False
0,5843,10326,NEWTOWN,"Balmain
TIGERS",13,FR,True
0,5849,10327,"Balmain
TIGERS",NEWTOWN,1,FB,False
0,9730,10327,NEWTOWN,"Balmain
TIGERS",1,FB,False
0,9783,10327,"Balmain
TIGERS",NEWTOWN,2,W,True
0,5819,10327,NEWTOWN,"Balmain
TIGERS",2,W,False
0,5845,10327,"Balmain
TIGERS",NEWTOWN,3,C,False
0,9918,10327,NEWTOWN,"Balmain
TIGERS",3,C,False
0,9872,10327,"Balmain
TIGERS",NEWTOWN,4,C,False
0,9937,10327,NEWTOWN,"Balmain
TIGERS",4,C,False
0,10063,10327,"Balmain
TIGERS",NEWTOWN,5,W,False
0,9986,10327,NEWTOWN,"Balmain
TIGERS",5,W,False
0,10055,10327,"Balmain
TIGERS",NEWTOWN,6,FE,False
0,9714,10327,NEWTOWN,"Balmain
TIGERS",6,FE,False
0,5842,10327,"Balmain
TIGERS",NEWTOWN,7,HB,False
0,9867,10327,NEWTOWN,"Balmain
TIGERS",7,HB,False
0,9939,10327,"Balmain
TIGERS",NEWTOWN,8,L,False
0,9941,10327,NEWTOWN,"Balmain
TIGERS",8,L,False
0,10064,10327,"Balmain
TIGERS",NEWTOWN,9,2R,False
0,10089,10327,NEWTOWN,"Balmain
TIGERS",9,2R,False
0,9703,10327,"Balmain
TIGERS",NEWTOWN,10,2R,False
0,9887,10327,NEWTOWN,"Balmain
TIGERS",10,2R,False
0,11734,10327,"Balmain
TIGERS",NEWTOWN,11,FR,False
0,9936,10327,NEWTOWN,"Balmain
TIGERS",11,FR,False
0,5850,10327,"Balmain
TIGERS",NEWTOWN,12,HK,False
0,9997,10327,NEWTOWN,"Balmain
TIGERS",12,HK,False
0,9837,10327,"Balmain
TIGERS",NEWTOWN,13,FR,False
0,5843,10327,NEWTOWN,"Balmain
TIGERS",13,FR,True
